2930.716309
2944.806396
3018.216309
2989.484375
2918.516846
2995.410645
3114.506104
3036.517822
3035.952637
3003.732178
3048.88916
3013.162354
3047.754639
3033.129395
2986.883545
3091.728027
2880.392822
2971.169922
2998.70874
2871.765625
2962.493896
2926.849365
2964.902344
2974.875977
3012.905762
3012.346436
3113.46582
3021.744873
2986.135742
3108.22876
3041.084717
3065.041016
2917.37793
2888.824219
2898.791504
2982.261719
2943.212646
3138.611816
3043.574463
3175.923828
3080.914795
3024.401611
3191.638428
2977.844971
3057.666748
3106.014404
3067.014404
2874.357422
3010.009277
2985.013672
3075.217041
2976.929443
3056.633057
2968.851318
3013.646484
2988.677734
2939.311035
2900.420898
3007.933594
2916.772949
2961.528076
3117.73877
3092.782715
3022.567139
3119.493164
3094.550537
3027.853516
3023.814941
3099.794678
3026.177002
3098.650635
3063.307861
3052.313232
3037.846924
2995.584473
2953.337891
3126.486816
2955.72168
3055.881592
2982.407227
3023.512939
3168.723633
3067.508545
3195.310547
3028.221436
3176.792236
3148.467041
3030.014404
3129.97583
3115.536865
3073.383789
3093.603271
3058.396973
3179.038818
2956.861816
3112.094971
3146.132812
2962.149414
3055.019043
3192.82373
3185.318848
3129.406006
3197.975342
2996.901855
3179.518311
3248.040283
3098.889404
3143.222168
3004.505615
3176.59375
3127.678711
3058.072266
3285.27002
3163.906006
3239.216064
3200.681152
3124.228271
3078.833008
3243.727783
3132.844238
3128.822266
3114.466064
3200.007568
3251.078369
3216.047607
3256.768311
3283.705811
3214.273926
3292.821045
3268.134521
3305.368408
3315.077637
3249.141602
3179.791992
3182.644531
3209.550537
3315.467773
3383.560303
3273.035889
3341.11084
3240.934326
3411.966797
3301.518066
3246.010498
3392.932861
3289.408203
3281.945068
3219.624023
3363.014893
3345.259277
3375.486572
3391.997803
3384.523438
3291.426514
3260.002441
3331.302246
3471.037842
3333.500732
3408.169189
3359.645752
3331.663818
3166.893311
3381.72998
3377.689941
3493.284424
3373.031738
3471.500244
3214.647217
3453.146973
3466.172363
3284.57666
3533.172852
3430.131592
3388.552246
3476.636963
3435.063965
3560.623535
3420.162109
3511.585205
3514.348633
3418.277344
3434.686523
3359.105957
3358.48877
3378.304932
3432.163086
3329.40332
3454.727539
3494.929199
3616.77417
3537.868408
3506.607666
3434.551758
3603.916748
3440.088135
3395.273193
3432.027832
3421.20459
3597.209473
3515.040039
3524.580566
3534.117432
3580.988037
3546.393066
3644.139648
3626.507568
3517.303223
3540.394775
3549.915527
3637.401123
3582.503418
3639.452393
3571.021729
3465.354248
3505.358887
3609.686279
3436.358154
3601.588867
3590.773193
3569.810547
3562.387695
3747.767822
3564.458984
3577.328125
3674.707275
3660.51123
3636.182129
3628.755615
3607.819092
3644.307373
3596.360596
3629.461182
3554.529297
3651.75
3549.846436
3522.202881
3592.390381
3709.766846
3587.695557
3644.34668
3690.864502
3673.334717
3716.460449
3648.400146
3664.568848
3650.423584
3629.549561
3783.730957
3698.891602
3701.575195
3596.595215
3723.757812
3625.53833
3705.572266
3637.649902
3663.870117
3720.326904
3635.638428
3722.314697
3798.882324
3784.748779
3827.699951
3712.855469
3732.308838
3869.207031
3771.193848
3800.688721
3810.049316
3852.938965
3865.638672
3784.47583
3830.697266
3833.341064
3805.831787
3888.868652
3744.14502
3863.994141
3779.587158
3721.988281
3791.577148
3921.365723
3826.974121
3996.843506
3889.096436
3657.682861
3643.635742
3940.415039
3889.563477
3801.980225
3771.214355
3940.841553
3926.756592
3899.32251
3765.087646
3974.63623
4090.682373
3803.030273
3965.759766
3894.996094
4020.972412
3896.887939
3909.498047
4038.733643
4051.3125
4027.244873
4056.4729
3979.135742
3978.398682
3874.475342
3907.037354
4192.46582
3968.797363
3984.692383
4003.906982
3969.915771
4118.771973
4121.332031
4024.199463
4046.710205
4042.637695
4111.632812
4154.037598
4159.90625
4016.402832
4022.294922
4021.54834
4130.278809
4225.70166
4185.121582
4141.241211
4150.416992
4179.476074
4085.913086
4114.972656
4230.147949
4182.994629
4255.066406
4088.739258
4279.965332
4146.790039
4175.798828
4145.247559
4134.553711
4236.302246
4298.335938
4155.386719
4349.619141
4279.414062
4427.294922
4403.347656
4270.418457
4246.508789
4338.159668
4363.758301
4326.642578
4187.251465
4120.490234
4367.103516
4320.120605
4339.098145
4354.771973
4238.601562
4557.458984
4474.240723
4433.876953
4284.842285
4376.243164
4520.286621
4269.276855
4442.905273
4359.814941
4319.522949
4368.054199
4518.513184
4287.51123
4467.514648
4535.701172
4501.992188
4409.156738
4543.013184
4338.538086
4416.534668
4517.483398
4519.920898
4489.539062
4498.54248
4596.118652
4496.858887
4564.883789
4564.029297
4359.929688
4542.654785
4613.895996
4635.96582
4566.307617
4568.727051
4587.517578
4580.110352
4428.682617
4640.572754
4499.006348
4661.731934
4536.567871
4695.95459
4433.509766
4612.469238
4775.019531
4679.359375
4596.803223
4788.662598
4830.219727
4600.744141
4776.17041
4758.953125
4637.312012
4594.023926
4704.074707
4742.329102
4728.393555
4763.368164
4984.133789
4654.024902
4783.489746
4743.494629
4700.256836
4842.665527
4825.473633
4831.075684
4748.794922
4783.696777
4782.79541
4593.220703
4706.187988
4848.378418
4801.948242
4888.807617
4588.892578
4721.248535
4671.627441
4839.646484
4780.27832
4779.376465
4879.107422
4907.396973
4734.484375
4925.010254
4830.009766
4780.449219
4841.154785
4918.046875
4683.740723
4828.687988
4986.540527
4885.172852
5052.670898
4941.61377
4739.943359
4771.416992
4903.208008
4918.458496
4907.821777
4871.311523
4844.51709
4833.899414
4910.569824
4967.817871
4824.688477
4911.008789
5026.369141
4886.539062
4853.321289
4891.14209
4896.669922
4737.605469
4868.998535
4810.005859
4889.728027
4885.574707
5065.201172
5019.108887
4915.020508
4894.752441
4900.265625
4818.806152
5127.05957
4932.890625
4841.812012
5021.137207
4984.783203
4948.442871
4902.465332
5007.66748
4993.851562
4954.320801
4898.73291
4962.075195
5096.083008
4960.18457
5100.564941
5045
5024.773926
4885.78125
4961.877441
4912.797852
4818.820801
4856.393066
4945.263672
4921.874512
4965.816406
4865.506836
4903.033203
5116.763672
4978.041016
4954.67041
4928.106445
5020.009277
5044.656738
4899.678223
4972.334473
4980.980469
5015.210938
4774.411621
4904.585449
4964.382812
4979.412598
5023.194824
4948.752441
5065.989746
5071.40625
5054.470215
5047.116699
4899.329102
4933.492188
4938.927246
4960.30957
5067.794434
4849.991699
4855.437012
4813.068359
5025.663574
4951.415527
5046.033691
4777.523438
5018.620605
4941.245117
4978.494141
4878.87793
4944.76123
4842.007812
4987.390625
4868.76709
4788.342773
4771.527344
4919.98877
4985.772949
4949.865723
5063.265137
5084.521484
4702.514648
4974.625977
4945.101562
4918.761719
4803.59375
4878.800293
4839.80127
4756.42334
4980.600098
5062.052246
4848.745117
4850.978516
4812.027344
4997.968262
4921.003418
4720.591797
4950.757812
4895.999512
5075.414551
4852.981445
4836.228516
4768.883789
4891.271484
4757.556641
4981.036621
4793.63623
4881.17041
4899.178711
4816.119629
4878.337891
4852.138184
5169.983398
4828.17041
5079.639648
4766.365723
4863.211426
4849.65625
4918.07373
4800.496582
4875.199707
4748.223145
4819.756348
4888.111816
4912.35498
4955.479004
4856.937988
4833.965332
4801.562012
4618.168457
4909.782715
4952.854492
4750.672852
4881.774414
4802.255371
4685.05957
4825.521484
5170.094238
4848.768555
5099.008789
4806.07373
4833.385742
4710.06543
4847.191895
4977.991211
4983.294434
4922.75
4780.720703
4936.504395
4775.725098
4940.847656
4830.248535
4916.999023
4959.878418
4949.519531
4823.354004
4797.37793
4865.275879
4839.301758
4800.82666
4921.841309
4836.469238
4873.03418
5031.464844
4893.003418
4945.154297
4869.229492
4765.229492
4845.472656
4810.189453
5155.665527
4827.03125
5056.940918
4840.739258
4864.739746
4944.851562
4990.642578
4917.984375
4892.094238
4800.791016
4734.441406
4854.966797
4875.811035
5008.712402
5013.956055
4860.5
4837.77002
4793.274902
4879.412598
4943.750977
4837.087402
4913.840332
4975.025879
4908.806641
4861.25
4922.40918
4955.598145
4808.719238
4782.944824
4918.546387
4898.965332
5015.87793
4884.63623
4986.001465
4985.021973
4940.649414
5048.140625
4991.378906
4854.099121
5066.844238
4938.892578
5089.619141
4902.902344
4914.316406
4972.136719
4884.54248
4954.716309
4959.925781
4739.444824
5032.157715
4836.47168
4841.699219
5041.54248
4972.600586
5017.94043
4982.991211
4911.01416
4981.027344
4980.045898
4917.365723
4944.155273
4974.017578
4902.125488
4901.158203
4829.308594
5059.451172
5043.049805
4814.130371
4933.278809
4913.832031
4980.583008
4933.435547
5030.925781
5020.703125
5004.33252
4969.516602
5020.803223
4992.14502
4902.030762
5070.064453
4924.67041
4982.056641
4978.000488
4823.499512
5012.869141
4968.909668
4949.515625
4923.993164
5039.57666
5158.180664
4804.55957
4883.311035
4989.615234
5040.719727
4889.602539
4903.949707
4985.664551
5015.29541
4943.893555
4900.06543
4758.333496
5032.737793
5102.093262
5061.325195
4910.5
4915.640137
5006.357422
4938.137207
4891.330566
4914.796875
4981.009277
5154.0625
5027.876953
5023.827148
4867.202148
4915.050781
4962.880371
4940.547363
5070.678711
4895.906738
4864.455566
4933.577148
4844.243164
4965.124512
5018.957031
4914.434082
5023.05127
4982.48584
4929.763184
4840.552246
4866.966797
4902.494141
4846.788086
4763.743164
4929.964844
4895.557617
4946.233887
4802.481445
4995.895508
4846.117188
4790.508789
4825.978027
4940.33252
4866.533203
4850.397949
4964.678223
4839.370117
4862.659668
4964.744629
4824.358887
4729.475098
4828.496094
4776.04834
4756.929688
4877.076172
4785.301758
4763.165527
4804.574219
4767.317383
4911.535645
4659.586426
4873.300781
4730.27002
4859.27002
4719.320312
4784.835449
4862.404297
4804.063965
4972.165527
4871.569336
4758.941895
4848.506348
4874.687988
4867.683594
4824.498047
4814.491211
4810.516602
4800.516113
4808.59668
4732.32959
4803.666016
4884.006836
4892.063477
4686.413574
4850.989258
4904.177246
4767.833984
4610.492188
4705.791992
4659.757812
4688.884277
4606.810059
4735.083008
4755.164551
4709.165527
4642.165527
4908.424316
4619.300293
4780.425293
4701.462891
4664.526855
4696.584961
4806.59082
4763.65918
4693.769531
4626.903809
4622.98291
4792.802246
4591.186035
4581.285156
4664.192871
4678.226074
4671.305664
4837.918945
4768.151367
4680.467285
4628.699219
4609.836426
4874.928223
4691.666016
4699.690918
4827.197266
4877.00293
4756.589844
4618.312988
4677.083984
4700.021484
4767.703125
4641.465332
4706.148438
4547.174316
4680.416504
4601.985352
4607.024414
4725.277344
4655.820312
4717.430664
4633.114258
4754.243652
4622.331055
4776.147461
4822.794922
4815.880371
4579.970215
4519.585449
4604.892578
4598.026855
4721.915039
4890.318848
4690.320801
4677.502441
4789.397949
4714.223145
4683.599121
4558.027832
4631.287598
4574.001465
4798.478027
4738.21582
4583.113281
4594.051758
4782.78418
4849.969727
4680.157715
4776.95166
4704.933105
4807.603516
4685.291016
4799.760742
4644.95459
4783.049805
4761.391113
4748.61084
4756.528809
4788.088867
4905.331543
4795.035645
4932.906738
5035.282715
4957.506348
4938.801758
4987.98877
5093.222168
5053.849121
5277.015137
5160.943848
5151.065918
5200.149902
5293.424316
5531.052246
5255.952637
5514.111328
5457.053711
5382.352051
5472.533203
5509.700195
5311.442383
5322.147949
5456.390137
5490.588867
5551.236816
5364.92627
5384.426758
5492.075195
5476.287109
5407.633301
5324.323242
5214.620605
5207.707031
5159.706055
5017.823242
5054.959473
5136.07959
4964.959473
5043.132812
4839.853516
5076.287598
5013.736816
4854.530273
4759.828125
4937.518066
4722.791016
4853.579102
4843.829102
4942.352051
4906.257324
4840.926758
4796.093262
4672.333008
4846.796387
4787.375
4649.07959
4624.779297
4696.879395
4789.393066
4686.245117
4913.006836
4643.513672
4627.99707
4638.743164
4532.810059
4631.05957
4676.786621
4675.853516
4674.920898
4519.548828
4565.26123
4453.664551
4656.631348
4702.289062
4616.931152
4627.652344
4588.901367
4698.540527
4741.235352
4647.229492
4689.916992
4808.169434
4592.136719
4698.737793
4814.012207
4737.531738
4742.396484
4697.899414
4665.03125
4687.321777
4686.388672
4708.665527
