3750.169922	2353.0271	3750.169922	1648.527954	3750.169922	1313.890869	3750.169922	1743.635376
3749.5	2282.577148	3749.5	1652.050537	3749.5	1380.818359	3749.5	1726.022949
3748.830078	2479.374756	3748.830078	1662.308105	3748.830078	1348.86438	3748.830078	1591.871338
3748.160156	2464.828125	3748.160156	1707.773804	3748.160156	1457.769775	3748.160156	1795.803345
3747.489258	2386.91748	3747.489258	1756.743042	3747.489258	1425.813477	3747.489258	1834.19458
3746.819336	2513.188232	3746.819336	1671.938843	3746.819336	1436.107544	3746.819336	1724.736938
3746.148438	2456.412598	3746.148438	1727.935059	3746.148438	1344.340454	3746.148438	1689.223633
3745.477539	2396.139893	3745.477539	1752.243164	3745.477539	1319.460205	3745.477539	1780.391724
3744.806641	2413.283203	3744.806641	1642.861938	3744.806641	1414.19812	3744.806641	1671.005127
3744.135742	2528.90332	3744.135742	1582.762939	3744.135742	1378.762329	3744.135742	1702.349487
3743.464844	2510.849854	3743.464844	1832.146729	3743.464844	1382.022339	3743.464844	1751.265015
3742.793945	2376.776855	3742.793945	1673.588379	3742.793945	1392.31311	3742.793945	1856.417358
3742.12207	2400.94165	3742.12207	1796.312134	3742.12207	1486.966797	3742.12207	1771.7052
3741.451172	2337.231689	3741.451172	1683.509766	3741.451172	1405.853638	3741.451172	1669.451172
3740.779297	2347.339111	3740.779297	1721.850464	3740.779297	1384.508301	3740.779297	1662.112793
3740.107422	2410.142578	3740.107422	1644.237183	3740.107422	1384.250977	3740.107422	1686.397095
3739.435547	2342.953613	3739.435547	1780.925781	3739.435547	1380.480957	3739.435547	1696.621582
3738.763672	2398.710449	3738.763672	1689.282227	3738.763672	1418.856567	3738.763672	1654.161987
3738.091797	2254.298584	3738.091797	1710.036499	3738.091797	1478.286133	3738.091797	1646.831787
3737.419922	2453.990479	3737.419922	1621.950806	3737.419922	1327.050659	3737.419922	1600.886475
3736.74707	2527.24585	3736.74707	1649.72998	3736.74707	1382.965088	3736.74707	1653.240112
3736.074219	2530.285889	3736.074219	1579.235352	3736.074219	1316.029419	3736.074219	1803.837646
3735.402344	2354.37793	3735.402344	1694.731079	3735.402344	1417.539062	3735.402344	1659.643555
3734.729492	2511.805664	3734.729492	1725.98938	3734.729492	1371.67041	3734.729492	1733.005615
3734.056641	2406.115723	3734.056641	1634.475098	3734.056641	1374.923218	3734.056641	1732.683838
3733.383789	2398.655273	3733.383789	1658.719238	3733.383789	1392.202026	3733.383789	1665.73291
3732.709961	2419.24707	3732.709961	1570.757568	3732.709961	1437.523682	3732.709961	1718.015991
3732.037109	2415.292725	3732.037109	1623.048584	3732.037109	1458.289917	3732.037109	1885.961426
3731.364258	2239.601807	3731.364258	1622.747437	3731.364258	1486.058105	3731.364258	1762.94165
3730.69043	2463.455322	3730.69043	1766.118774	3730.69043	1422.706787	3730.69043	1755.606201
3730.016602	2371.906006	3730.016602	1692.216553	3730.016602	1383.903809	3730.016602	1762.287598
3729.342773	2304.910889	3729.342773	1709.417236	3729.342773	1338.109375	3729.342773	1775.972412
3728.668945	2385.0354	3728.668945	1653.064087	3728.668945	1428.9198	3728.668945	1810.665527
3727.995117	2458.126709	3727.995117	1733.294556	3727.995117	1386.63562	3727.995117	1747.301025
3727.321289	2310.630859	3727.321289	1690.961792	3727.321289	1386.37854	3727.321289	1792.489502
3726.646484	2383.709229	3726.646484	1718.650757	3726.646484	1340.617676	3726.646484	1753.653809
3725.972656	2358.769775	3725.972656	1704.333618	3725.972656	1368.366455	3725.972656	1693.834595
3725.297852	2456.304932	3725.297852	1773.998047	3725.297852	1382.108887	3725.297852	1627.039551
3724.623047	2445.354736	3724.623047	1689.708618	3724.623047	1402.843018	3724.623047	1703.702148
3723.948242	2357.458984	3723.948242	1703.386475	3723.948242	1392.089966	3723.948242	1661.41394
3723.273438	2423.466553	3723.273438	1776.509277	3723.273438	1496.744141	3723.273438	1717.059204
3722.598633	2468.471191	3722.598633	1839.115845	3722.598633	1423.042114	3722.598633	1674.78418
3721.923828	2495.980225	3721.923828	1821.296387	3721.923828	1447.249023	3721.923828	1747.885254
3721.248047	2443.091064	3721.248047	1740.571411	3721.248047	1324.651733	3721.248047	1716.105469
3720.573242	2358.771484	3720.573242	1680.843018	3720.573242	1397.790527	3720.573242	1747.238037
3719.897461	2375.803955	3719.897461	1753.902344	3719.897461	1338.136597	3719.897461	1715.470215
3719.22168	2483.652832	3719.22168	1732.618652	3719.22168	1369.327637	3719.22168	1613.850464
3718.545898	2423.820068	3718.545898	1693.880127	3718.545898	1522.74585	3718.545898	1637.999512
3717.870117	2343.058105	3717.870117	1655.155884	3717.870117	1428.182983	3717.870117	1752.928833
3717.194336	2353.098389	3717.194336	1707.218262	3717.194336	1445.375	3717.194336	1623.428467
3716.518555	2405.022217	3716.518555	1710.393066	3716.518555	1417.182861	3716.518555	1720.864868
3715.841797	2442.966797	3715.841797	1814.775269	3715.841797	1382.02124	3715.841797	1797.325562
3715.166016	2435.536377	3715.166016	1699.292603	3715.166016	1416.658691	3715.166016	1762.100098
3714.489258	2382.756104	3714.489258	1692.000977	3714.489258	1371.044067	3714.489258	1695.489624
3713.8125	2605.548584	3713.8125	1733.544312	3713.8125	1367.302612	3713.8125	1737.032349
3713.135742	2465.572021	3713.135742	1646.039551	3713.135742	1401.923584	3713.135742	1747.17334
3712.458984	2440.709229	3712.458984	1642.248535	3712.458984	1405.151123	3712.458984	1722.443359
3711.782227	2527.410156	3711.782227	1715.152832	3711.782227	1397.919189	3711.782227	1680.291992
3711.105469	2422.379883	3711.105469	1679.981445	3711.105469	1502.223999	3711.105469	1746.204712
3710.427734	2463.749756	3710.427734	1752.851685	3710.427734	1498.46167	3710.427734	1839.971558
3709.750977	2512.072754	3709.750977	1766.464355	3709.750977	1383.207764	3709.750977	1846.599854
3709.073242	2483.740479	3709.073242	1679.050415	3709.073242	1456.105957	3709.073242	1619.830811
3708.395508	2361.381348	3708.395508	1751.880371	3708.395508	1407.076904	3708.395508	1696.154541
3707.717773	2489.787354	3707.717773	1748.074585	3707.717773	1385.923584	3707.717773	1699.323486
3707.040039	2381.398682	3707.040039	1775.60437	3707.040039	1441.372925	3707.040039	1793.012207
3706.362305	2367.035156	3706.362305	1674.329346	3706.362305	1420.221191	3706.362305	1740.467041
3705.683594	2554.533936	3705.683594	1788.869751	3705.683594	1419.958862	3705.683594	1736.665405
3705.005859	2498.387939	3705.005859	1732.865112	3705.005859	1451.01355	3705.005859	1673.71106
3704.327148	2376.161377	3704.327148	1763.856323	3704.327148	1374.20752	3704.327148	1624.696045
3703.648438	2393.114746	3703.648438	1714.833618	3703.648438	1440.042847	3703.648438	1746.138916
3702.969727	2594.380859	3702.969727	1676.262207	3702.969727	1387.611206	3702.969727	1735.383423
3702.291016	2395.708496	3702.291016	1675.952759	3702.291016	1498.621704	3702.291016	1686.384033
3701.612305	2346.596191	3701.612305	1738.219482	3701.612305	1442.722168	3701.612305	1793.842407
3700.933594	2398.300293	3700.933594	1654.479614	3700.933594	1404.222168	3700.933594	1668.382812
3700.254883	2585.516113	3700.254883	1744.52832	3700.254883	1379.636963	3700.254883	1730.627808
3699.575195	2525.972412	3699.575195	1622.598511	3699.575195	1438.449219	3699.575195	1796.324219
3698.895508	2619.301025	3698.895508	1802.940674	3698.895508	1396.497437	3698.895508	1709.146118
3698.216797	2597.978516	3698.216797	1740.089966	3698.216797	1347.614502	3698.216797	1719.250488
3697.537109	2528.047607	3697.537109	1830.056396	3697.537109	1423.763062	3697.537109	1607.810425
3696.857422	2503.277832	3696.857422	1694.312744	3696.857422	1454.748047	3696.857422	1781.111572
3696.176758	2613.898193	3696.176758	1777.31189	3696.176758	1388.524902	3696.176758	1787.72583
3695.49707	2634.240234	3695.49707	1714.512085	3695.49707	1329.267456	3695.49707	1704.100098
3694.817383	2585.174072	3694.817383	1814.826904	3694.817383	1335.962402	3694.817383	1762.776489
3694.136719	2522.248535	3694.136719	1675.716675	3694.136719	1432.859131	3694.136719	1679.186035
3693.456055	2507.908447	3693.456055	1689.282837	3693.456055	1477.688843	3693.456055	1734.376587
3692.776367	2420.743408	3692.776367	1716.716309	3692.776367	1456.607788	3692.776367	1734.056885
3692.095703	2565.931152	3692.095703	1671.322754	3692.095703	1421.664551	3692.095703	1754.542236
3691.415039	2516.922607	3691.415039	1702.216309	3691.415039	1473.405151	3691.415039	1788.887207
3690.733398	2519.925049	3690.733398	1746.963257	3690.733398	1344.884399	3690.733398	1809.354736
3690.052734	2488.270752	3690.052734	1809.021362	3690.052734	1410.482178	3690.052734	1646.140137
3689.37207	2394.259521	3689.37207	1777.503784	3689.37207	1503.775146	3689.37207	1670.091309
3688.69043	2424.99707	3688.69043	1745.997803	3688.69043	1461.926758	3688.69043	1787.569214
3688.008789	2490.359375	3688.008789	1804.558105	3688.008789	1451.266479	3688.008789	1762.994385
3687.327148	2521.067871	3687.327148	1686.483521	3687.327148	1523.72229	3687.327148	1683.020508
3686.645508	2576.001221	3686.645508	1734.646118	3686.645508	1433.420044	3686.645508	1779.65686
3685.963867	2485.521973	3685.963867	1768.943848	3685.963867	1374.306763	3685.963867	1772.40564
3685.282227	2491.986328	3685.282227	1768.618164	3685.282227	1446.736572	3685.282227	1827.456665
3684.600586	2436.160156	3684.600586	1775.213379	3684.600586	1384.182007	3684.600586	1775.213379
3683.917969	2508.36792	3683.917969	1671.091919	3683.917969	1411.605591	3683.917969	1792.185547
3683.236328	2480.232666	3683.236328	1788.396484	3683.236328	1414.804932	3683.236328	1625.814941
3682.553711	2552.405273	3682.553711	1642.80835	3682.553711	1521.759277	3682.553711	1743.106079
3681.871094	2534.645996	3681.871094	1739.327271	3681.871094	1403.910278	3681.871094	1836.148682
3681.188477	2606.781982	3681.188477	1880.755249	3681.188477	1455.510986	3681.188477	1676.776245
3680.505859	2540.626221	3680.505859	1780.166626	3680.505859	1320.434326	3680.505859	1717.947266
3679.823242	2491.774658	3679.823242	1686.5271	3679.823242	1385.855225	3679.823242	1845.50293
3679.139648	2605.343018	3679.139648	1793.332886	3679.139648	1430.519897	3679.139648	1800.243652
3678.457031	2525.404785	3678.457031	1817.185913	3678.457031	1350.797852	3678.457031	1869.006836
3677.773438	2569.843262	3677.773438	1709.774658	3677.773438	1426.539307	3677.773438	1740.861572
3677.089844	2614.265137	3677.089844	1743.994629	3677.089844	1478.078613	3677.089844	1792.343018
3676.40625	2582.70874	3676.40625	1684.97583	3676.40625	1363.863647	3676.40625	1774.749146
3675.722656	2471.763672	3675.722656	1808.944458	3675.722656	1436.108521	3675.722656	1795.135742
3675.039062	2557.597656	3675.039062	1743.032227	3675.039062	1453.102051	3675.039062	1739.580688
3674.355469	2564.029053	3674.355469	1711.65332	3674.355469	1511.500244	3674.355469	1860.042603
3673.671875	2567.007568	3673.671875	1818.297119	3673.671875	1321.456909	3673.671875	1887.302612
3672.987305	2473.39502	3672.987305	1835.210815	3672.987305	1410.904541	3672.987305	1755.869019
3672.302734	2631.594482	3672.302734	1783.138062	3672.302734	1410.64502	3672.302734	1855.567261
3671.619141	2631.110596	3671.619141	1820.74231	3671.619141	1479.353027	3671.619141	1796.603638
3670.93457	2696.133545	3670.93457	1799.720947	3670.93457	1372.20105	3670.93457	1789.377686
3670.25	2626.695557	3670.25	1809.731201	3670.25	1423.655273	3670.25	1813.178345
3669.564453	2602.087158	3669.564453	1816.291382	3669.564453	1447.518799	3669.564453	1764.594238
3668.879883	2639.512939	3668.879883	1657.44873	3668.879883	1340.431519	3668.879883	1760.823975
3668.195312	2577.013916	3668.195312	1767.390503	3668.195312	1367.746704	3668.195312	1867.301514
3667.509766	2562.761719	3667.509766	1808.400391	3667.509766	1453.609497	3667.509766	1832.512451
3666.824219	2534.739014	3666.824219	1808.067871	3666.824219	1356.911865	3666.824219	1808.067871
3666.138672	2554.932861	3666.138672	1773.302368	3666.138672	1535.714355	3666.138672	1738.869385
3665.453125	2478.724365	3665.453125	1793.632446	3665.453125	1404.610474	3665.453125	1779.861694
3664.767578	2629.718262	3664.767578	1817.396973	3664.767578	1397.46814	3664.767578	1824.281006
3664.082031	2625.793457	3664.082031	1861.801147	3664.082031	1507.336182	3664.082031	1710.379272
3663.396484	2670.040771	3663.396484	1806.406494	3663.396484	1476.092163	3663.396484	1823.610352
3662.709961	2669.550049	3662.709961	1702.870117	3662.709961	1489.581421	3662.709961	1912.71875
3662.024414	2596.82959	3662.024414	1819.500488	3662.024414	1344.848145	3662.024414	1881.411621
3661.337891	2730.468506	3661.337891	1746.949585	3661.337891	1427.134033	3661.337891	1850.115845
3660.651367	2619.942627	3660.651367	1846.337524	3660.651367	1457.815918	3660.651367	1839.46106
3659.964844	2595.397949	3659.964844	1815.059692	3659.964844	1502.236938	3659.964844	1794.43396
3659.27832	2708.341309	3659.27832	1780.356323	3659.27832	1412.599243	3659.27832	1876.591797
3658.591797	2532.5896	3658.591797	1687.247681	3658.591797	1484.503052	3658.591797	1810.956177
3657.904297	2652.374268	3657.904297	1728.166138	3657.904297	1398.33728	3657.904297	1807.187622
3657.217773	2569.444824	3657.217773	1789.680054	3657.217773	1501.132812	3657.217773	1779.374878
3656.530273	2603.317139	3656.530273	1782.4823	3656.530273	1480.250244	3656.530273	1923.294922
3655.842773	2585.669678	3655.842773	1850.831177	3655.842773	1479.978149	3655.842773	1864.566528
3655.155273	2667.591064	3655.155273	1802.426392	3655.155273	1421.341919	3655.155273	1829.891968
3654.467773	2728.886963	3654.467773	1709.416016	3654.467773	1448.54126	3654.467773	1778.067261
3653.780273	2670.042725	3653.780273	1791.468262	3653.780273	1348.749023	3653.780273	1825.787476
3653.092773	2648.964355	3653.092773	1876.921509	3653.092773	1448.008911	3653.092773	1828.883301
3652.405273	2672.492188	3652.405273	1811.393921	3652.405273	1361.976074	3652.405273	1763.364502
3651.716797	2637.700684	3651.716797	1838.501465	3651.716797	1358.295776	3651.716797	1756.18042
3651.02832	2654.363037	3651.02832	1793.581299	3651.02832	1412.916748	3651.02832	1927.328247
3650.34082	2647.017822	3650.34082	1779.536621	3650.34082	1477.803955	3650.34082	1899.543945
3649.652344	2649.959717	3649.652344	1799.778564	3649.652344	1395.256836	3649.652344	1902.623047
3648.962891	2769.436035	3648.962891	1727.469971	3648.962891	1456.695923	3648.962891	1919.411011
3648.274414	2823.757324	3648.274414	1919.058472	3648.274414	1391.317383	3648.274414	1802.544189
3647.585938	2771.844727	3647.585938	1791.934204	3647.585938	1521.259644	3647.585938	1908.427002
3646.897461	2764.484131	3646.897461	1863.543213	3646.897461	1469.595703	3646.897461	1863.543213
3646.208008	2613.276123	3646.208008	1822.10083	3646.208008	1558.375732	3646.208008	1856.35083
3645.518555	2729.224854	3645.518555	1879.980469	3645.518555	1506.723877	3645.518555	1917.64856
3644.829102	2783.503174	3644.829102	1735.837769	3644.829102	1499.599487	3644.829102	1896.753784
3644.139648	2711.106445	3644.139648	1899.828369	3644.139648	1471.939087	3644.139648	1848.481689
3643.450195	2861.197754	3643.450195	1878.944458	3643.450195	1355.304199	3643.450195	1807.072266
3642.760742	2761.438232	3642.760742	1810.162109	3642.760742	1437.17981	3642.760742	1902.552246
3642.071289	2723.297363	3642.071289	1833.778198	3642.071289	1443.758179	3642.071289	1816.671997
3641.380859	2757.003174	3641.380859	1888.170898	3641.380859	1440.072388	3641.380859	1871.067871
3640.691406	2660.737549	3640.691406	1877.564087	3640.691406	1443.227783	3640.691406	1894.66394
3640.000977	2776.506348	3640.000977	1870.380493	3640.000977	1425.865967	3640.000977	1812.251709
3639.310547	2700.784668	3639.310547	1736.707031	3639.310547	1463.209839	3639.310547	1757.21936
3638.620117	2751.559814	3638.620117	1818.422119	3638.620117	1374.070801	3638.620117	1849.184814
3637.929688	2798.898682	3637.929688	1753.15625	3637.929688	1459.254883	3637.929688	1835.175293
3637.238281	2907.723145	3637.238281	1879.256958	3637.238281	1366.7323	3637.238281	1828.004517
3636.547852	2780.789307	3636.547852	1885.744141	3636.547852	1318.654419	3636.547852	1974.56543
3635.857422	2770.031738	3635.857422	1868.319824	3635.857422	1407.217163	3635.857422	1844.410767
3635.166016	2875.38623	3635.166016	1871.391602	3635.166016	1335.244751	3635.166016	1915.785889
3634.474609	2850.957764	3634.474609	1881.290771	3634.474609	1444.25769	3634.474609	1908.605347
3633.783203	2679.749512	3633.783203	1904.840942	3633.783203	1416.682861	3633.783203	1921.909424
3633.091797	2679.25708	3633.091797	1873.773438	3633.091797	1471.031616	3633.091797	1802.098999
3632.400391	2709.476807	3632.400391	1958.740234	3632.400391	1371.800659	3632.400391	1859.779419
3631.708984	2746.509033	3631.708984	1883.320435	3631.708984	1576.257324	3631.708984	1838.966919
3631.016602	2916.563721	3631.016602	1848.862671	3631.016602	1449.753906	3631.016602	1869.329712
3630.325195	2721.625977	3630.325195	1868.986328	3630.325195	1422.203125	3630.325195	1991.766479
3629.632812	2809.78418	3629.632812	1885.692627	3629.632812	1350.333252	3629.632812	1855.003174
3628.94043	2874.044922	3628.94043	1950.122925	3628.94043	1425.089844	3628.94043	1916.029907
3628.248047	2870.108154	3628.248047	1878.182373	3628.248047	1441.87146	3628.248047	1884.999756
3627.555664	2627.609131	3627.555664	1908.509888	3627.555664	1557.480347	3627.555664	1789.228027
3626.863281	2913.350098	3626.863281	1891.12207	3626.863281	1468.601074	3626.863281	1826.380981
3626.169922	2865.119629	3626.169922	1829.452148	3626.169922	1471.738037	3626.169922	1747.688965
3625.477539	2793.063721	3625.477539	1941.519897	3625.477539	1471.467651	3625.477539	1835.928467
3624.78418	3020.722168	3624.78418	1777.696777	3624.78418	1440.547363	3624.78418	1907.107666
3624.091797	2853.325928	3624.091797	1896.54248	3624.091797	1372.184204	3624.091797	1842.063721
3623.398438	2937.90918	3623.398438	1875.768188	3623.398438	1450.230957	3623.398438	1807.682251
3622.705078	3032.672119	3622.705078	1912.863892	3622.705078	1429.54248	3622.705078	1759.698608
3622.010742	2804.11084	3622.010742	1919.318481	3622.010742	1524.565063	3622.010742	1875.078857
3621.317383	2779.778564	3621.317383	1939.380371	3621.317383	1452.834106	3621.317383	1813.490723
3620.624023	2799.678467	3620.624023	1973.041992	3620.624023	1432.156372	3620.624023	1833.568359
3619.929688	2782.158203	3619.929688	1938.667725	3619.929688	1462.503662	3619.929688	1884.248901
3619.236328	2795.249023	3619.236328	1917.908081	3619.236328	1401.025146	3619.236328	1846.496704
3618.541992	2770.936035	3618.541992	1883.556519	3618.541992	1295.370117	3618.541992	1846.157349
3617.847656	2909.797852	3617.847656	1828.821533	3617.847656	1397.110962	3617.847656	1930.800415
3617.15332	2851.485596	3617.15332	1828.485474	3617.15332	1464.827637	3617.15332	1801.296143
3616.458984	2884.942139	3616.458984	1875.722046	3616.458984	1495.140747	3616.458984	1811.15918
3615.763672	2918.38623	3615.763672	1943.325806	3615.763672	1610.378418	3615.763672	1929.736084
3615.069336	2853.310547	3615.069336	1902.207031	3615.069336	1497.988037	3615.069336	1895.413452
3614.374023	2947.878906	3614.374023	1905.253662	3614.374023	1480.731812	3614.374023	2003.742676
3613.679688	2869.239502	3613.679688	1864.15686	3613.679688	1463.481934	3613.679688	1881.134521
3612.984375	2800.813721	3612.984375	1870.604004	3612.984375	1483.58252	3612.984375	1907.948242
3612.289062	2858.001953	3612.289062	1853.288696	3612.289062	1476.521118	3612.289062	1815.951294
3611.59375	3030.554199	3611.59375	1971.726685	3611.59375	1459.281372	3611.59375	1937.789917
3610.897461	3013.031738	3610.897461	1889.930908	3610.897461	1394.545044	3610.897461	1967.971191
3610.202148	3012.477783	3610.202148	1831.912231	3610.202148	1455.352417	3610.202148	1913.330566
3609.506836	3049.233887	3609.506836	1974.03125	3609.506836	1417.775024	3609.506836	1980.814941
3608.810547	2889.287598	3608.810547	1810.891602	3608.810547	1481.946899	3608.810547	1987.233032
3608.114258	2905.709229	3608.114258	1922.447144	3608.114258	1437.597168	3608.114258	1898.713135
3607.417969	2942.464355	3607.417969	1966.162842	3607.417969	1501.741577	3607.417969	1894.974121
3606.72168	2847.022461	3606.72168	1843.786011	3606.72168	1460.793701	3606.72168	1945.465332
3606.025391	2944.770996	3606.025391	1992.549316	3606.025391	1463.913818	3606.025391	1880.722534
3605.329102	2944.229492	3605.329102	1870.212524	3605.329102	1477.196899	3605.329102	1897.317017
3604.632812	2957.237793	3604.632812	1890.193237	3604.632812	1531.124268	3604.632812	1920.680298
3603.935547	2787.353027	3603.935547	1944.03479	3603.935547	1541.003174	3603.935547	1984.676636
3603.238281	2827.474854	3603.238281	1923.360107	3603.238281	1479.768188	3603.238281	1950.449707
3602.541016	2975.919922	3602.541016	1933.163086	3602.541016	1442.254761	3602.541016	1885.765015
3601.844727	2934.753174	3601.844727	1922.652588	3601.844727	1428.449707	3601.844727	2003.891479
3601.146484	2880.064209	3601.146484	1905.377319	3601.146484	1431.571289	3601.146484	1851.228027
3600.449219	2869.383301	3600.449219	1888.108398	3600.449219	1444.842773	3600.449219	1911.794312
3599.751953	3000.795654	3599.751953	2039.999756	3599.751953	1478.407837	3599.751953	1968.955078
3599.053711	2885.23999	3599.053711	1911.090942	3599.053711	1515.342896	3599.053711	1890.796265
3598.356445	3003.07373	3598.356445	1792.375	3598.356445	1474.482056	3598.356445	1991.903564
3597.658203	2887.559814	3597.658203	2028.730469	3597.658203	1501.260498	3597.658203	1934.056396
3596.959961	3052.677734	3596.959961	1960.745361	3596.959961	1477.32019	3596.959961	1930.319946
3596.261719	2974.376465	3596.261719	2055.023682	3596.261719	1426.348755	3596.261719	1970.524414
3595.563477	2950.173828	3595.563477	1902.574829	3595.563477	1361.878662	3595.563477	1902.574829
3594.865234	2902.328613	3594.865234	1868.4375	3594.865234	1490.019775	3594.865234	2081.297363
3594.166992	2942.331787	3594.166992	1969.43689	3594.166992	1310.705811	3594.166992	2016.730347
3593.467773	3032.982422	3593.467773	1989.339355	3593.467773	1462.451416	3593.467773	1969.074341
3592.768555	3035.80127	3592.768555	1921.435913	3592.768555	1495.950928	3592.768555	1911.305298
3592.070312	3160.16333	3592.070312	1991.983276	3592.070312	1357.249634	3592.070312	1907.577271
3591.371094	3132.57666	3591.371094	2001.74353	3591.371094	1492.024658	3591.371094	2011.870361
3590.671875	2865.375	3590.671875	1954.125	3590.671875	1488.375	3590.671875	1944
3589.972656	3070.684814	3589.972656	2007.755371	3589.972656	1461.106079	3589.972656	1987.509155
3589.272461	3002.644287	3589.272461	2027.628296	3589.272461	1562.049805	3589.272461	1980.395752
3588.573242	2934.628662	3588.573242	1926.060913	3588.573242	1497.672607	3588.573242	2023.881836
3587.873047	3031.891357	3587.873047	2016.76416	3587.873047	1480.534302	3587.873047	1986.411499
3587.172852	3024.589355	3587.172852	1925.351685	3587.172852	1473.517822	3587.172852	2039.996094
3586.473633	3067.858887	3586.473633	1860.942993	3586.473633	1449.647583	3586.473633	2016.021484
3585.773438	2983.027588	3585.773438	1941.49585	3585.773438	1462.863281	3585.773438	2019.020874
3585.073242	3127.389648	3585.073242	1957.988525	3585.073242	1523.254395	3585.073242	1927.658203
3584.37207	3072.903076	3584.37207	1934.041992	3584.37207	1452.216187	3584.37207	2048.602051
3583.671875	3156.556641	3583.671875	2061.699707	3583.671875	1475.530273	3583.671875	2014.536743
3582.97168	2930.307861	3582.97168	1983.852173	3582.97168	1451.681274	3582.97168	1983.852173
3582.270508	2845.579346	3582.270508	1919.503174	3582.270508	1367.225098	3582.270508	1959.913818
3581.569336	2969.631592	3581.569336	1939.351196	3581.569336	1488.182617	3581.569336	1969.653564
3580.868164	3019.579102	3580.868164	1986.122192	3580.868164	1487.908447	3580.868164	2016.418945
3580.166992	3103.164795	3580.166992	1968.927734	3580.166992	1474.171631	3580.166992	1962.196411
3579.46582	3099.228027	3579.46582	2002.215698	3579.46582	1561.391724	3579.46582	2032.501221
3578.764648	3118.843506	3578.764648	1958.108887	3578.764648	1520.730591	3578.764648	1964.837769
3578.0625	3027.445312	3578.0625	1977.930908	3578.0625	1496.903564	3578.0625	2041.84375
3577.361328	3030.250488	3577.361328	1984.292847	3577.361328	1422.637085	3577.361328	1994.382446
3576.65918	3147.382568	3576.65918	1970.476685	3576.65918	1368.573486	3576.65918	1987.289673
3575.957031	3072.839111	3575.957031	1933.131836	3575.957031	1559.953369	3575.957031	1986.92334
3575.254883	3048.743164	3575.254883	2023.53186	3575.254883	1485.716064	3575.254883	1952.943604
3574.552734	3017.93457	3574.552734	2123.980713	3574.552734	1519.049438	3574.552734	1996.273071
3573.850586	3104.740967	3573.850586	2009.345337	3573.850586	1478.44812	3573.850586	1975.744263
3573.148438	3063.854736	3573.148438	1992.17749	3573.148438	1494.9729	3573.148438	1928.347168
3572.445312	3106.955078	3572.445312	2005.245605	3572.445312	1440.955322	3572.445312	2052.269775
3571.743164	3082.874268	3571.743164	2004.875732	3571.743164	1564.944946	3571.743164	1947.785522
3571.040039	3172.96167	3571.040039	1991.075439	3571.040039	1497.503662	3571.040039	2034.724609
3570.336914	3155.591309	3570.336914	1910.139893	3570.336914	1467.014282	3570.336914	1947.067017
3569.633789	3225.493652	3569.633789	2037.330444	3569.633789	1456.674561	3569.633789	2000.410156
3568.930664	3234.96582	3568.930664	2090.646973	3568.930664	1449.694214	3568.930664	2016.820068
3568.227539	2976.022217	3568.227539	2086.90625	3568.227539	1553.436646	3568.227539	1976.186035
3567.523438	3180.099609	3567.523438	2103.293701	3567.523438	1445.80481	3567.523438	2006.012207
3566.820312	3149.327637	3566.820312	1972.102905	3566.820312	1522.678101	3566.820312	2019.057739
3566.116211	3051.500977	3566.116211	1965.032471	3566.116211	1462.03772	3566.116211	2025.391724
3565.412109	3111.285889	3565.412109	2048.486816	3565.412109	1445.004517	3565.412109	1971.375122
3564.708008	3238.089844	3564.708008	1987.771606	3564.708008	1391.104858	3564.708008	2098.389648
3564.003906	3049.811523	3564.003906	2094.650879	3564.003906	1521.554321	3564.003906	2067.839355
3563.299805	3116.264893	3563.299805	2117.719971	3563.299805	1571.535767	3563.299805	1993.73938
3562.595703	3122.390137	3562.595703	2137.430176	3562.595703	1480.790161	3562.595703	2154.181152
3561.890625	3188.805176	3561.890625	2039.897461	3561.890625	1450.370483	3561.890625	2076.74292
3561.185547	3191.56543	3561.185547	1989.286377	3561.185547	1503.686157	3561.185547	2022.776001
3560.481445	3170.885986	3560.481445	2126.201172	3560.481445	1413.003052	3560.481445	2055.885986
3559.776367	3120.084473	3559.776367	2085.635742	3559.776367	1566.737671	3559.776367	2055.506348
3559.071289	3179.756104	3559.071289	2185.664062	3559.071289	1532.977173	3559.071289	1951.366089
3558.366211	3092.159912	3558.366211	2098.251465	3558.366211	1532.69397	3558.366211	2074.825928
3557.660156	3158.506348	3557.660156	2064.405029	3557.660156	1428.688721	3557.660156	2061.059082
3556.955078	3315.149902	3556.955078	2207.869629	3556.955078	1522.092041	3556.955078	2221.250732
3556.249023	3284.435547	3556.249023	2056.952881	3556.249023	1582.014282	3556.249023	2267.665283
3555.543945	3223.63623	3555.543945	2083.324951	3555.543945	1501.465454	3555.543945	2160.237549
3554.837891	3149.485596	3554.837891	2039.47583	3554.837891	1444.350098	3554.837891	2082.939941
3554.131836	3185.674072	3554.131836	2062.498291	3554.131836	1564.423462	3554.131836	2055.812744
3553.425781	3268.639404	3553.425781	2165.724365	3553.425781	1544.081299	3553.425781	1981.905151
3552.719727	3144.397949	3552.719727	2055.052979	3552.719727	1456.915527	3552.719727	2031.661987
3552.012695	3277.453857	3552.012695	2128.17334	3552.012695	1543.510376	3552.012695	2037.968262
3551.306641	3220.0625	3551.306641	2124.439697	3551.306641	1593.329712	3551.306641	2050.952637
3550.599609	3276.241943	3550.599609	2150.764404	3550.599609	1506.203003	3550.599609	2157.443848
3549.893555	3252.262695	3549.893555	2083.584961	3549.893555	1525.958984	3549.893555	2063.550537
3549.186523	3218.276367	3549.186523	2026.445923	3549.186523	1529.015137	3549.186523	2133.276611
3548.479492	3241.046143	3548.479492	2059.449463	3548.479492	1498.691772	3548.479492	2029.408936
3547.772461	3367.26123	3547.772461	2205.906494	3547.772461	1468.379517	3547.772461	2022.359009
3547.064453	3450.053467	3547.064453	2108.736816	3547.064453	1628.265015	3547.064453	2158.785889
3546.357422	3279.279541	3546.357422	2081.658691	3546.357422	1477.844238	3546.357422	2198.418457
3545.649414	3201.959229	3545.649414	2144.645508	3545.649414	1517.595215	3545.649414	2161.32251
3544.942383	3438.134277	3544.942383	2170.926758	3544.942383	1517.314331	3544.942383	2184.265869
3544.234375	3354.144531	3544.234375	2053.830078	3544.234375	1590.384644	3544.234375	2090.505615
3543.526367	3313.521484	3543.526367	2146.788574	3543.526367	1560.088501	3543.526367	2133.454346
3542.818359	3336.238281	3542.818359	2106.39624	3542.818359	1479.810059	3542.818359	2113.062012
3542.110352	3308.962402	3542.110352	2165.987549	3542.110352	1589.501587	3542.110352	2109.338623
3541.401367	3418.294922	3541.401367	2112.279785	3541.401367	1495.92041	3541.401367	2075.631348
3540.693359	3397.675537	3540.693359	2038.605347	3540.693359	1542.278198	3540.693359	2235.137451
3539.984375	3370.402832	3539.984375	2071.532227	3539.984375	1551.983887	3539.984375	2088.184326
3539.275391	3326.490967	3539.275391	2127.755371	3539.275391	1515.068481	3539.275391	2164.383545
3538.566406	3305.899414	3538.566406	2054.118896	3538.566406	1538.092163	3538.566406	2114.044434
3537.857422	3358.544434	3537.857422	2037.095337	3537.857422	1437.949707	3537.857422	2073.709717
3537.148438	3411.169678	3537.148438	2159.852783	3537.148438	1580.786011	3537.148438	2149.868896
3536.439453	3343.990479	3536.439453	2092.905518	3536.439453	1550.546875	3536.439453	2069.614014
3535.730469	3503.054199	3535.730469	2109.151367	3535.730469	1440.477173	3535.730469	2112.478027
3535.020508	3219.684814	3535.020508	2211.870117	3535.020508	1470.145264	3535.020508	2118.73877
3534.310547	3458.52417	3534.310547	2204.809082	3534.310547	1549.684937	3534.310547	2068.463623
3533.600586	3401.360107	3533.600586	2204.400391	3533.600586	1549.397583	3533.600586	2267.573242
3532.890625	3417.35083	3532.890625	2071.020996	3532.890625	1515.867676	3532.890625	2114.236328
3532.180664	3446.629883	3532.180664	2123.81543	3532.180664	1598.677979	3532.180664	2200.259521
3531.470703	3356.268799	3531.470703	2213.143555	3531.470703	1575.120239	3531.470703	2179.913086
3530.760742	3332.389404	3530.760742	2089.803467	3530.760742	1538.281372	3530.760742	2176.186523
3530.049805	3374.954834	3530.049805	2175.782715	3530.049805	1544.639771	3530.049805	2076.128662
3529.339844	3420.825195	3529.339844	2092.349365	3529.339844	1560.959106	3529.339844	2108.955322
3528.628906	3390.30542	3528.628906	2111.884766	3528.628906	1474.334595	3528.628906	2324.401367
3527.917969	3349.836914	3527.917969	2078.293213	3527.917969	1537.140259	3527.917969	2201.131592
3527.207031	3455.434082	3527.207031	2077.907715	3527.207031	1530.216309	3527.207031	2277.068115
3526.496094	3418.286865	3526.496094	2183.721191	3526.496094	1456.920288	3526.496094	2203.633545
3525.78418	3424.288574	3525.78418	2186.634033	3525.78418	1615.919189	3525.78418	2203.224365
3525.073242	3387.160645	3525.073242	2179.593018	3525.073242	1466.332031	3525.073242	2199.498047
3524.361328	3495.988525	3524.361328	2033.245728	3524.361328	1482.644165	3524.361328	2139.385742
3523.650391	3399.167969	3523.650391	2265.006592	3523.650391	1648.181885	3523.650391	2175.467529
3522.938477	3650.525635	3522.938477	2155.169678	3522.938477	1611.403687	3522.938477	2095.488037
3522.226562	3570.286865	3522.226562	2151.454346	3522.226562	1621.049561	3522.226562	2068.578613
3521.514648	3480.134521	3521.514648	2167.626709	3521.514648	1660.521362	3521.514648	2154.369141
3520.801758	3582.21582	3520.801758	2163.910156	3520.801758	1620.447266	3520.801758	2253.382812
3520.089844	3664.379883	3520.089844	2166.821289	3520.089844	1590.327637	3520.089844	2183.387207
3519.376953	3329.129639	3519.376953	2156.480957	3519.376953	1563.531494	3519.376953	2169.731201
3518.665039	3586.843262	3518.665039	2271.998535	3518.665039	1576.48877	3518.665039	2334.925537
3517.952148	3510.015869	3517.952148	2221.90625	3517.952148	1463.610352	3517.952148	2122.566162
3517.239258	3575.577637	3517.239258	2330.74707	3517.239258	1618.942139	3517.239258	2148.657227
3516.526367	3677.526123	3516.526367	2197.909424	3516.526367	1542.508789	3516.526367	2095.296143
3515.813477	3580.867188	3515.813477	2194.191406	3515.813477	1644.81604	3515.813477	2283.547607
3515.099609	3550.421387	3515.099609	2233.489746	3515.099609	1604.803711	3515.099609	2173.929932
3514.386719	3612.618164	3514.386719	2123.901855	3514.386719	1541.648315	3514.386719	2266.156982
3513.672852	3618.561279	3513.672852	2163.198486	3513.672852	1620.744995	3513.672852	2202.890137
3512.958984	3449.229736	3512.958984	2202.480469	3512.958984	1577.452148	3512.958984	2238.857666
3512.246094	3537.861084	3512.246094	2172.312988	3512.246094	1560.626587	3512.246094	2142.555176
3511.532227	3507.450684	3511.532227	2171.908691	3511.532227	1547.113037	3511.532227	2323.975342
3510.817383	3705.108887	3510.817383	2290.490967	3510.817383	1662.50647	3510.817383	2326.848145
3510.103516	3697.810059	3510.103516	2306.587646	3510.103516	1615.933105	3510.103516	2118.227295
3509.389648	3730.161377	3509.389648	2213.647461	3509.389648	1605.720459	3509.389648	2134.352783
3508.674805	3617.15332	3508.674805	2305.72876	3508.674805	1542.658081	3508.674805	2143.865234
3507.959961	3632.993408	3507.959961	2288.785889	3507.959961	1624.938843	3507.959961	2401.078369
3507.246094	3658.733643	3507.246094	2278.453369	3507.246094	1551.98999	3507.246094	2318.078613
3506.53125	3648.147949	3506.53125	2264.822998	3506.53125	1555.002441	3506.53125	2360.566162
3505.81543	3568.247314	3505.81543	2304.011719	3505.81543	1617.429321	3505.81543	2366.728271
3505.100586	3683.091553	3505.100586	2174.872314	3505.100586	1627.028809	3505.100586	2240.877441
3504.385742	3672.506348	3504.385742	2270.156738	3504.385742	1616.826782	3504.385742	2375.745361
3503.669922	3562.954102	3503.669922	2263.135742	3503.669922	1543.946777	3503.669922	2230.145264
3502.955078	3532.604248	3502.955078	2216.535889	3502.955078	1543.659058	3502.955078	2272.609131
3502.239258	3812.259033	3502.239258	2239.20752	3502.239258	1523.584473	3502.239258	2226.016357
3501.523438	3706.03833	3501.523438	2271.761963	3501.523438	1496.922974	3501.523438	2202.520996
3500.807617	3721.830078	3500.807617	2175.737793	3500.807617	1555.982178	3500.807617	2304.303955
3500.091797	3747.503662	3500.091797	2204.995605	3500.091797	1605.131348	3500.091797	2172.036133
3499.375	3624.877197	3499.375	2395.714355	3499.375	1575.173828	3499.375	2286.968018
3498.65918	3726.337646	3498.65918	2303.014893	3498.65918	1640.774658	3498.65918	2273.362549
3497.942383	3712.466064	3497.942383	2378.350098	3497.942383	1600.939209	3497.942383	2335.526611
3497.225586	3721.653809	3497.225586	2292.275146	3497.225586	1547.944458	3497.225586	2232.992188
3496.508789	3681.444824	3496.508789	2298.43335	3496.508789	1613.513306	3496.508789	2252.333008
3495.791992	3680.757568	3495.791992	2307.881104	3495.791992	1560.535889	3495.791992	2327.634766
3495.075195	3722.862061	3495.075195	2267.950439	3495.075195	1609.619385	3495.075195	2244.908936
3494.358398	3699.129883	3494.358398	2346.512207	3494.358398	1632.356201	3494.358398	2254.363037
3493.640625	3728.052979	3493.640625	2204.585693	3493.640625	1664.955688	3493.640625	2369.106934
3492.923828	3806.312256	3492.923828	2269.970215	3492.923828	1595.558716	3492.923828	2414.721924
3492.206055	3759.552734	3492.206055	2302.438232	3492.206055	1614.995972	3492.206055	2309.016602
3491.488281	3896.970947	3491.488281	2305.296875	3491.488281	1588.38562	3491.488281	2413.820068
3490.770508	3761.436279	3490.770508	2262.122559	3490.770508	1551.921265	3490.770508	2324.593994
3490.052734	3708.135742	3490.052734	2409.630859	3490.052734	1623.953125	3490.052734	2422.780273
3489.334961	3707.442871	3489.334961	2350.019287	3489.334961	1551.341309	3489.334961	2254.703613
3488.616211	3739.611328	3488.616211	2346.293945	3488.616211	1511.61792	3488.616211	2379.155029
3487.898438	3830.906494	3487.898438	2329.427734	3487.898438	1544.19043	3487.898438	2398.423584
3487.179688	3876.178955	3487.179688	2374.980713	3487.179688	1599.744995	3487.179688	2355.271484
3486.460938	3744.082764	3486.460938	2361.399658	3486.460938	1569.887329	3486.460938	2289.145508
3485.742188	3802.48877	3485.742188	2400.362061	3485.742188	1615.565186	3485.742188	2318.270264
3485.023438	3857.5896	3485.023438	2324.402832	3485.023438	1641.527466	3485.023438	2291.572266
3484.304688	3869.997559	3484.304688	2350.227539	3484.304688	1509.922729	3484.304688	2340.380371
3483.585938	3780.664307	3483.585938	2251.333008	3483.585938	1657.32251	3483.585938	2349.787842
3482.866211	3779.957031	3482.866211	2293.567627	3482.866211	1604.512939	3482.866211	2382.1604
3482.147461	3871.106201	3482.147461	2325.944336	3482.147461	1610.773926	3482.147461	2362.031006
3481.427734	3808.062012	3481.427734	2351.749023	3481.427734	1590.79248	3481.427734	2355.028809
3480.708008	3810.628662	3480.708008	2338.191162	3480.708008	1761.021973	3480.708008	2489.042236
3479.988281	3754.17627	3479.988281	2308.244629	3479.988281	1609.869507	3479.988281	2508.248779
3479.268555	3769.864014	3479.268555	2360.262695	3479.268555	1609.567993	3479.268555	2399.600342
3478.547852	3759.325439	3478.547852	2281.159912	3478.547852	1668.262085	3478.547852	2428.648682
3477.828125	3879.867188	3477.828125	2395.424805	3477.828125	1605.688232	3477.828125	2408.532471
3477.107422	3934.837402	3477.107422	2365.489258	3477.107422	1487.440674	3477.107422	2352.384033
3476.386719	3911.17041	3476.386719	2384.700195	3476.386719	1631.292236	3476.386719	2394.527344
3475.666992	3838.385986	3475.666992	2436.654541	3475.666992	1712.863281	3475.666992	2466.130127
3474.946289	3978.468262	3474.946289	2377.257568	3474.946289	1561.917114	3474.946289	2400.178711
3474.224609	3967.900879	3474.224609	2448.83667	3474.224609	1604.184448	3474.224609	2412.824219
3473.503906	3996.616211	3473.503906	2425.464844	3473.503906	1620.249756	3473.503906	2392.732422
3472.783203	3979.503662	3472.783203	2385.73877	3472.783203	1606.855591	3472.783203	2366.103027
3472.061523	3838.061279	3472.061523	2332.939209	3472.061523	1609.826172	3472.061523	2352.571289
3471.339844	3978.01123	3471.339844	2437.186035	3471.339844	1527.739502	3471.339844	2460.085938
3470.619141	3944.557129	3470.619141	2351.688721	3470.619141	1658.283936	3470.619141	2322.251709
3469.897461	3822.821045	3469.897461	2370.868408	3469.897461	1592.56958	3469.897461	2285.844238
3469.174805	3926.729248	3469.174805	2340.997559	3469.174805	1647.853149	3469.174805	2285.415283
3468.453125	3854.075684	3468.453125	2386.323486	3468.453125	1641.005981	3468.453125	2546.501221
3467.731445	3948.133789	3467.731445	2438.168701	3467.731445	1699.52771	3467.731445	2382.607178
3467.008789	3891.841553	3467.008789	2447.51416	3467.008789	1702.47644	3467.008789	2467.120361
3466.286133	3904.179199	3466.286133	2391.513916	3466.286133	1581.27417	3466.286133	2375.178467
3465.564453	3932.844238	3465.564453	2433.529053	3465.564453	1656.106323	3465.564453	2515.191162
3464.841797	3925.573975	3464.841797	2426.540283	3464.841797	1668.858765	3464.841797	2374.286377
3464.119141	3774.634766	3464.119141	2481.59375	3464.119141	1590.179199	3464.119141	2406.49292
3463.395508	3953.480957	3463.395508	2379.923584	3463.395508	1707.407471	3463.395508	2438.687256
3462.672852	4066.979004	3462.672852	2516.565674	3462.672852	1641.806152	3462.672852	2356.628174
3461.949219	4030.317139	3461.949219	2326.814697	3461.949219	1589.282959	3461.949219	2349.658447
3461.226562	3954.515137	3461.226562	2388.370605	3461.226562	1628.137817	3461.226562	2460.1521
3460.50293	3983.131348	3460.50293	2335.726562	3460.50293	1689.813354	3460.50293	2397.708008
3459.779297	3907.366211	3459.779297	2338.548828	3459.779297	1738.419189	3459.779297	2403.780273
3459.055664	4027.287109	3459.055664	2432.677002	3459.055664	1698.960693	3459.055664	2400.067383
3458.332031	4052.612305	3458.332031	2448.52124	3458.332031	1600.830811	3458.332031	2422.438477
3457.607422	3875.824219	3457.607422	2369.826904	3457.607422	1691.802246	3457.607422	2451.320312
3456.883789	3839.244873	3456.883789	2460.636475	3456.883789	1668.670044	3456.883789	2489.968506
3456.15918	3994.930664	3456.15918	2486.241455	3456.15918	1577.117798	3456.15918	2375.452148
3455.43457	4020.241943	3455.43457	2449.936768	3455.43457	1602.884155	3455.43457	2407.584229
3454.709961	4003.19873	3454.709961	2566.737793	3454.709961	1690.529053	3454.709961	2452.73291
3453.985352	4106.658691	3453.985352	2462.04126	3453.985352	1605.537354	3453.985352	2357.827881
3453.260742	3975.643066	3453.260742	2406.224609	3453.260742	1634.539551	3453.260742	2402.968506
3452.536133	3987.91626	3452.536133	2477.391113	3452.536133	1699.340576	3452.536133	2451.347656
3451.810547	4019.713379	3451.810547	2512.727783	3451.810547	1672.981934	3451.810547	2473.669678
3451.085938	4051.498291	3451.085938	2509	3451.085938	1679.175171	3451.085938	2414.62793
3450.360352	4037.720459	3450.360352	2433.69458	3450.360352	1587.757935	3450.360352	2446.708984
3449.634766	4053.224609	3449.634766	2374.682129	3449.634766	1616.735596	3449.634766	2436.489014
3448.90918	4101.246094	3448.90918	2410.010742	3448.90918	1603.421387	3448.90918	2413.262939
3448.183594	4168.760254	3448.183594	2497.354004	3448.183594	1551.090942	3448.183594	2490.850342
3447.458008	4174.476562	3447.458008	2399.348633	3447.458008	1596.314575	3447.458008	2493.63208
3446.731445	4069.672119	3446.731445	2415.148926	3446.731445	1644.771606	3446.731445	2515.915527
3446.005859	4208.651367	3446.005859	2525.190918	3446.005859	1741.959229	3446.005859	2421.193359
3445.279297	4159.117676	3445.279297	2531.213135	3445.279297	1562.918457	3445.279297	2521.465088
3444.552734	4067.369629	3444.552734	2540.481689	3444.552734	1575.618408	3444.552734	2475.507812
3443.826172	4138.060059	3443.826172	2462.04834	3443.826172	1701.99646	3443.826172	2488.032959
3443.099609	4052.844727	3443.099609	2507.04834	3443.099609	1549.044067	3443.099609	2562.255371
3442.37207	4100.782715	3442.37207	2474.106445	3442.37207	1642.910645	3442.37207	2409.169189
3441.645508	4083.777344	3441.645508	2483.378174	3441.645508	1623.122925	3441.645508	2558.041748
3440.917969	4099.234375	3440.917969	2398.522705	3440.917969	1642.290283	3440.917969	2450.452881
3440.191406	4130.910645	3440.191406	2401.314941	3440.191406	1726.350708	3440.191406	2498.665527
3439.463867	4230.707031	3439.463867	2517.659912	3439.463867	1648.158813	3439.463867	2563.081787
3438.736328	4155.300293	3438.736328	2426.358154	3438.736328	1699.748169	3438.736328	2465.283691
3438.008789	4060.463135	3438.008789	2471.304199	3438.008789	1631.320312	3438.008789	2513.465576
3437.280273	4173.185547	3437.280273	2441.654053	3437.280273	1682.893066	3437.280273	2548.658936
3436.552734	4094.590088	3436.552734	2544.935303	3436.552734	1646.913452	3436.552734	2567.628906
3435.824219	4353.123535	3435.824219	2450.455322	3435.824219	1597.982056	3435.824219	2486.110107
3435.09668	4125.449219	3435.09668	2485.639893	3435.09668	1659.253784	3435.09668	2573.139648
3434.368164	4205.672363	3434.368164	2449.528564	3434.368164	1616.818481	3434.368164	2640.695557
3433.639648	4172.481934	3433.639648	2439.346924	3433.639648	1733.134888	3433.639648	2523.573975
3432.911133	4259.142578	3432.911133	2387.063232	3432.911133	1726.329346	3432.911133	2497.185547
3432.181641	4135.282227	3432.181641	2457.85376	3432.181641	1677.428467	3432.181641	2545.287354
3431.453125	4196.015625	3431.453125	2515.666748	3431.453125	1738.626831	3431.453125	2586.895264
3430.723633	4049.553955	3430.723633	2456.923584	3430.723633	1647.660278	3430.723633	2550.798096
3429.995117	4145.880859	3429.995117	2456.458496	3429.995117	1731.49585	3429.995117	2462.931396
3429.265625	4310.123047	3429.265625	2491.587646	3429.265625	1695.573975	3429.265625	2478.644287
3428.536133	4069.900879	3428.536133	2465.234131	3428.536133	1714.664185	3428.536133	2523.468018
3427.806641	4075.599365	3427.806641	2438.890381	3427.806641	1720.808716	3427.806641	2438.890381
3427.077148	4217.123047	3427.077148	2483.704346	3427.077148	1814.268433	3427.077148	2503.108398
3426.34668	4171.056641	3426.34668	2447.666748	3426.34668	1775.124268	3426.34668	2577.001709
3425.617188	4186.430176	3425.617188	2566.815186	3425.617188	1735.994751	3425.617188	2537.720459
3424.886719	4272.905273	3424.886719	2475.828613	3424.886719	1687.183472	3424.886719	2427.346191
3424.15625	4210.696289	3424.15625	2556.147705	3424.15625	1606.075195	3424.15625	2614.31543
3423.425781	4300.36377	3423.425781	2484.582764	3423.425781	1641.310913	3423.425781	2594.434326
3422.695312	4383.536621	3422.695312	2474.420898	3422.695312	1628.078491	3422.695312	2677.930664
3421.964844	4237.368652	3421.964844	2425.506104	3421.964844	1711.741943	3421.964844	2499.789307
3421.233398	4246.252441	3421.233398	2444.420654	3421.233398	1734.020874	3421.233398	2615.562256
3420.50293	4464.983398	3420.50293	2460.099365	3420.50293	1753.062866	3420.50293	2573.095947
3419.771484	4092.931885	3419.771484	2562.924072	3419.771484	1681.717285	3419.771484	2546.784912
3419.040039	4182.518066	3419.040039	2530.165283	3419.040039	1700.761597	3419.040039	2514.029053
3418.308594	4265.617188	3418.308594	2468.378906	3418.308594	1764.97168	3418.308594	2603.897705
3417.577148	4335.779785	3417.577148	2464.684326	3417.577148	1683.985962	3417.577148	2480.814453
3416.845703	4260.771973	3416.845703	2502.921387	3416.845703	1732.047363	3416.845703	2486.794434
3416.114258	4295.436035	3416.114258	2579.841309	3416.114258	1699.470459	3416.114258	2528.244629
3415.381836	4291.395996	3415.381836	2492.29834	3415.381836	1602.422119	3415.381836	2524.540283
3414.649414	4219.662109	3414.649414	2417.682617	3414.649414	1679.483521	3414.649414	2530.507812
3413.917969	4225.306152	3413.917969	2588.040283	3413.917969	1711.394043	3413.917969	2523.581055
3413.185547	4353.397461	3413.185547	2545.657959	3413.185547	1678.845337	3413.185547	2577.881592
3412.453125	4288.135254	3412.453125	2593.500244	3412.453125	1723.630615	3412.453125	2448.521973
3411.719727	4300.20459	3411.719727	2589.786133	3411.719727	1620.226929	3411.719727	2580.122803
3410.987305	4238.197266	3410.987305	2550.647705	3410.987305	1668.226685	3410.987305	2563.529785
3410.253906	4276.030273	3410.253906	2408.487061	3410.253906	1642.150269	3410.253906	2463.225342
3409.521484	4143.226074	3409.521484	2549.677734	3409.521484	1654.715088	3409.521484	2501.388428
3408.788086	4197.155762	3408.788086	2587.816895	3408.788086	1673.712402	3408.788086	2513.787354
3408.054688	4325.07959	3408.054688	2500.436768	3408.054688	1734.537231	3408.054688	2603.414795
3407.321289	4288.864746	3407.321289	2506.395996	3407.321289	1779.251465	3407.321289	2625.44165
3406.587891	4265.530762	3406.587891	2605.640869	3406.587891	1659.889771	3406.587891	2560.605225
3405.853516	4312.962402	3405.853516	2527.955566	3405.853516	1675.655029	3405.853516	2537.604248
3405.120117	4202.810059	3405.120117	2447.08374	3405.120117	1668.904785	3405.120117	2617.511475
3404.385742	4131.279785	3404.385742	2488.412842	3404.385742	1658.942017	3404.385742	2642.733154
3403.651367	4159.422852	3403.651367	2626.157959	3403.651367	1735.771484	3403.651367	2523.297363
3402.916992	4155.416504	3402.916992	2464.96875	3402.916992	1696.875488	3402.916992	2667.436768
3402.182617	4279.938477	3402.182617	2628.370605	3402.182617	1574.451782	3402.182617	2628.370605
3401.448242	4192.383789	3401.448242	2541.130859	3401.448242	1702.654053	3401.448242	2486.517334
3400.712891	4259.035645	3400.712891	2405.744873	3400.712891	1676.634033	3400.712891	2604.885498
3399.978516	4277.492188	3399.978516	2485.56958	3399.978516	1653.835083	3399.978516	2479.146973
3399.243164	4157.879883	3399.243164	2597.470947	3399.243164	1640.677002	3399.243164	2533.256592
3398.507812	4240.549805	3398.507812	2494.252441	3398.507812	1685.305664	3398.507812	2680.438477
3397.772461	4066.428711	3397.772461	2567.594971	3397.772461	1643.260864	3397.772461	2593.270996
3397.037109	4197.217285	3397.037109	2451.585449	3397.037109	1623.694092	3397.037109	2698.669434
3396.301758	4222.08252	3396.301758	2605.114746	3396.301758	1690.757935	3396.301758	2518.491455
3395.566406	4141.085449	3395.566406	2476.311523	3395.566406	1700.05835	3395.566406	2578.956543
3394.830078	4265.370117	3394.830078	2463.010742	3394.830078	1686.905762	3394.830078	2504.702148
3394.09375	4158.743652	3394.09375	2411.237549	3394.09375	1709.028809	3394.09375	2468.953369
3393.358398	4218.860352	3393.358398	2500.540283	3393.358398	1750.378174	3393.358398	2513.363525
3392.62207	4391.13623	3392.62207	2461.600342	3392.62207	1657.092896	3392.62207	2567.372314
3391.885742	4230.067871	3391.885742	2589.314209	3391.885742	1704.845459	3391.885742	2515.608398
3391.148438	4347.807129	3391.148438	2527.943848	3391.148438	1752.57959	3391.148438	2511.923828
3390.412109	4209.231445	3390.412109	2665.206055	3390.412109	1697.787476	3390.412109	2498.630615
3389.674805	4153.980469	3389.674805	2555.802979	3389.674805	1700.665771	3389.674805	2623.060791
3388.938477	4242.84668	3388.938477	2593.740234	3388.938477	1690.734375	3388.938477	2558.516602
3388.201172	4136.385254	3388.201172	2516.407715	3388.201172	1629.582031	3388.201172	2570.83374
3387.463867	4206.014648	3387.463867	2506.32373	3387.463867	1754.106567	3387.463867	2576.744141
3386.726562	4282.018066	3386.726562	2547.44873	3386.726562	1641.760254	3386.726562	2646.658447
3385.988281	4290.79834	3385.988281	2553.36084	3385.988281	1660.644531	3385.988281	2662.150635
3385.250977	4360.357422	3385.250977	2325.737305	3385.250977	1612.340576	3385.250977	2546.474365
3384.512695	4250.774902	3384.512695	2552.384033	3384.512695	1608.833618	3384.512695	2529.994873
3383.775391	4221.181152	3383.775391	2519.917236	3383.775391	1602.130127	3383.775391	2548.697998
3383.037109	4172.414551	3383.037109	2567.393799	3383.037109	1656.176758	3383.037109	2519.434814
3382.298828	4142.846191	3382.298828	2442.233398	3382.298828	1668.646362	3382.298828	2608.45874
3381.560547	4263.501953	3381.560547	2416.19751	3381.560547	1709.875244	3381.560547	2585.587158
3380.821289	4240.317871	3380.821289	2434.907471	3380.821289	1671.202881	3380.821289	2466.861572
3380.083008	4338.544922	3380.083008	2520.700928	3380.083008	1686.856934	3380.083008	2527.090576
3379.34375	4203.557617	3379.34375	2520.218018	3379.34375	1670.562866	3379.34375	2523.412354
3378.605469	4186.784668	3378.605469	2436.702148	3378.605469	1769.243774	3378.605469	2574.026123
3377.866211	4278.578613	3377.866211	2544.796387	3377.866211	1682.694702	3377.866211	2557.568115
3377.126953	4047.908936	3377.126953	2560.270508	3377.126953	1695.141602	3377.126953	2461.307373
3376.387695	4315.239746	3376.387695	2515.095215	3376.387695	1643.748779	3376.387695	2521.47876
3375.647461	4298.456543	3375.647461	2549.715576	3375.647461	1726.403198	3375.647461	2476.31958
3374.908203	4246.584473	3374.908203	2565.179443	3374.908203	1604.832397	3374.908203	2514.131104
3374.167969	4118.17334	3374.167969	2520.028809	3374.167969	1709.791626	3374.167969	2532.78833
3373.428711	4174.791016	3373.428711	2462.137939	3373.428711	1763.681763	3373.428711	2513.166748
3372.688477	4145.291992	3372.688477	2563.703613	3372.688477	1772.909546	3372.688477	2455.28833
3371.948242	4045.66626	3371.948242	2512.202637	3371.948242	1743.876709	3371.948242	2499.450195
3371.208008	4118.20166	3371.208008	2483.033447	3371.208008	1695.730103	3371.208008	2444.783691
3370.466797	4324.556641	3370.466797	2504.864746	3370.466797	1596.612305	3370.466797	2457.062012
3369.726562	4145.296875	3369.726562	2545.804932	3369.726562	1609.050659	3369.726562	2599.970947
3368.985352	4033.00415	3368.985352	2529.388184	3368.985352	1640.598022	3368.985352	2554.873047
3368.244141	4223.330566	3368.244141	2436.536865	3368.244141	1646.653076	3368.244141	2331.431396
3367.503906	4327.60498	3367.503906	2515.678955	3367.503906	1722.762451	3367.503906	2442.437744
3366.761719	4250.362305	3366.761719	2461.071289	3366.761719	1725.615356	3366.761719	2515.195801
3366.020508	4138.134766	3366.020508	2463.781738	3366.020508	1677.536133	3366.020508	2568.82666
3365.279297	4057.775146	3365.279297	2511.046631	3365.279297	1591.284302	3365.279297	2495.133789
3364.537109	4158.817871	3364.537109	2504.200195	3364.537109	1667.345459	3364.537109	2574.203125
3363.795898	4250.277344	3363.795898	2529.169678	3363.795898	1705.201172	3363.795898	2538.713623
3363.053711	4138.134766	3363.053711	2458.707275	3363.053711	1698.511841	3363.053711	2493.695312
3362.311523	4312.245605	3362.311523	2407.352295	3362.311523	1761.787598	3362.311523	2544.097656
3361.569336	4177.876953	3361.569336	2457.761475	3361.569336	1624.729858	3361.569336	2473.65918
3360.827148	4164.357422	3360.827148	2574.907959	3360.827148	1687.995239	3360.827148	2495.435547
3360.084961	4179.447754	3360.084961	2463.172607	3360.084961	1589.143555	3360.084961	2425.033203
3359.341797	4146.866699	3359.341797	2519.896729	3359.341797	1658.746704	3359.341797	2538.962891
3358.598633	4177.839355	3358.598633	2452.693359	3358.598633	1652.073242	3358.598633	2509.880615
3357.856445	4186.564453	3357.856445	2553.867676	3357.856445	1727.990112	3357.856445	2604.690918
3357.113281	4096.834961	3357.113281	2404.111572	3357.113281	1638.733887	3357.113281	2616.892822
3356.370117	4143.674316	3356.370117	2495.730225	3356.370117	1701.922974	3356.370117	2606.863281
3355.625977	4247.638672	3355.625977	2425.407959	3355.625977	1755.563599	3355.625977	2587.313477
3354.882812	4192.862305	3354.882812	2523.334961	3354.882812	1704.441406	3354.882812	2459.85498
3354.138672	4058.771973	3354.138672	2430.820312	3354.138672	1666.032227	3354.138672	2491.11499
3353.395508	4102.408691	3353.395508	2481.116455	3353.395508	1678.402344	3353.395508	2554.090576
3352.651367	4019.141602	3352.651367	2515.532227	3352.651367	1614.635498	3352.651367	2375.956787
3351.907227	3878.818359	3351.907227	2549.93457	3351.907227	1573.093872	3351.907227	2473.817139
3351.163086	4061.985596	3351.163086	2441.630615	3351.163086	1598.158203	3351.163086	2524.075195
3350.417969	4073.883545	3350.417969	2441.159912	3350.417969	1718.322876	3350.417969	2444.330078
3349.673828	4149.171387	3349.673828	2304.390869	3349.673828	1610.220825	3349.673828	2466.046875
3348.929688	4180.062012	3348.929688	2522.615234	3348.929688	1787.380615	3348.929688	2519.446045
3348.18457	4214.109375	3348.18457	2531.634033	3348.18457	1682.47522	3348.18457	2427.073486
3347.439453	4238.63916	3347.439453	2537.481201	3347.439453	1682.150513	3347.439453	2461.451904
3346.694336	4225.151855	3346.694336	2479.980469	3346.694336	1764.175171	3346.694336	2445.140381
3345.949219	4189.50293	3345.949219	2495.335205	3345.949219	1611.834473	3345.949219	2527.001953
3345.204102	4074.716309	3345.204102	2409.369873	3345.204102	1617.855469	3345.204102	2403.037842
3344.458008	4187.885254	3344.458008	2513.364258	3344.458008	1639.701172	3344.458008	2529.19165
3343.711914	4133.274414	3343.711914	2373.626221	3343.711914	1607.736206	3343.711914	2563.516357
3342.966797	3895.159424	3342.966797	2392.153076	3342.966797	1689.695435	3342.966797	2556.692627
3342.220703	4096.87793	3342.220703	2445.472412	3342.220703	1660.896484	3342.220703	2546.708008
3341.474609	4143.53125	3341.474609	2473.466797	3341.474609	1587.826538	3341.474609	2454.48877
3340.728516	4117.431641	3340.728516	2463.501709	3340.728516	1710.852905	3340.728516	2482.476074
3339.981445	3987.002686	3339.981445	2636.92334	3339.981445	1647.286621	3339.981445	2567.364258
3339.235352	3926.169922	3339.235352	2446.743408	3339.235352	1605.873047	3339.235352	2380.358887
3338.488281	4077.117432	3338.488281	2506.321045	3338.488281	1690.897461	3338.488281	2443.109863
3337.741211	4111.088379	3337.741211	2385.758301	3337.741211	1690.570557	3337.741211	2392.078369
3336.995117	4116.611816	3336.995117	2499.032959	3336.995117	1627.056885	3336.995117	2476.91748
3336.24707	3970.51416	3336.24707	2337.45459	3336.24707	1686.757812	3336.24707	2495.390869
3335.5	4064.489258	3335.5	2460.168701	3335.5	1702.222046	3335.5	2491.749756
3334.75293	4208.947754	3334.75293	2399.700195	3334.75293	1727.152588	3334.75293	2488.110107
3334.004883	4059.759277	3334.004883	2392.921875	3334.004883	1685.778687	3334.004883	2519.19751
3333.257812	3983.222656	3333.257812	2528.178711	3333.257812	1609.701782	3333.257812	2496.615723
3332.509766	4307.485352	3332.509766	2379.372803	3332.509766	1650.413696	3332.509766	2464.575684
3331.761719	3883.873535	3331.761719	2442.013184	3331.761719	1662.714355	3331.761719	2498.804199
3331.013672	4002.990234	3331.013672	2378.451172	3331.013672	1738.098999	3331.013672	2447.849121
3330.265625	4068.445312	3330.265625	2418.990234	3330.265625	1662.070312	3330.265625	2431.605713
3329.516602	4001.439453	3329.516602	2377.529785	3329.516602	1645.982178	3329.516602	2440.594238
3328.768555	4070.021484	3328.768555	2493.715576	3328.768555	1670.884033	3328.768555	2471.647461
3328.019531	4021.952637	3328.019531	2524.752441	3328.019531	1616.976196	3328.019531	2310.41626
3327.270508	3954.993652	3327.270508	2300.514404	3327.270508	1660.782227	3327.270508	2448.629639
3326.521484	4045.599609	3326.521484	2372.536133	3326.521484	1669.912598	3326.521484	2530.075195
3325.772461	4142.470215	3325.772461	2520.134033	3325.772461	1697.940308	3325.772461	2504.383057
3325.023438	3940.095215	3325.023438	2403.111572	3325.023438	1719.657837	3325.023438	2406.26123
3324.273438	3945.628906	3324.273438	2437.283936	3324.273438	1694.13269	3324.273438	2500.262695
3323.524414	4105.428223	3323.524414	2518.667725	3323.524414	1763.067383	3323.524414	2512.371094
3322.774414	4003.904541	3322.774414	2367.088379	3322.774414	1737.543579	3322.774414	2518.178955
3322.024414	4034.598633	3322.024414	2451.60083	3322.024414	1727.765015	3322.024414	2536.572998
3321.274414	4027.522705	3321.274414	2356.72998	3321.274414	1677.085571	3321.274414	2400.781006
3320.524414	4086.512695	3320.524414	2441.211426	3320.524414	1642.155151	3320.524414	2434.919678
3319.773438	4173.787109	3319.773438	2516.224365	3319.773438	1726.758911	3319.773438	2437.592285
3319.023438	3959.138916	3319.023438	2496.867676	3319.023438	1654.096191	3319.023438	2600.641602
3318.272461	4052.69165	3318.272461	2477.518311	3318.272461	1666.351074	3318.272461	2364.332031
3317.521484	4020.469971	3317.521484	2395.307373	3317.521484	1716.32251	3317.521484	2458.17627
3316.771484	4073.116943	3316.771484	2338.270752	3316.771484	1640.561035	3316.771484	2470.27002
3316.019531	3952.920898	3316.019531	2410.087646	3316.019531	1690.517822	3316.019531	2466.647705
3315.268555	4049.542725	3315.268555	2607.541016	3315.268555	1665.056274	3315.268555	2368.77832
3314.517578	4064.460449	3314.517578	2387.163818	3314.517578	1721.270752	3314.517578	2534.791016
3313.765625	3846.98291	3313.765625	2484.052002	3313.765625	1629.864624	3313.765625	2468.349854
3313.014648	4025.202637	3313.014648	2442.751709	3313.014648	1664.085327	3313.014648	2442.751709
3312.262695	3961.63623	3312.262695	2414.023926	3312.262695	1670.040039	3312.262695	2489.364258
3311.510742	4058.161133	3311.510742	2372.753174	3311.510742	1710.516479	3311.510742	2460.632812
3310.758789	3991.474609	3310.758789	2431.912598	3310.758789	1631.734863	3310.758789	2463.291992
3310.005859	3940.500488	3310.005859	2553.795654	3310.005859	1628.280029	3310.005859	2450.263428
3309.253906	4027.562012	3309.253906	2521.931396	3309.253906	1690.697754	3309.253906	2437.239746
3308.500977	4020.505859	3308.500977	2471.262451	3308.500977	1699.776978	3308.500977	2439.901367
3307.749023	3884.89624	3307.749023	2552.304688	3307.749023	1674.362061	3307.749023	2511.542969
3306.996094	3912.35376	3306.996094	2473.435303	3306.996094	1689.710571	3306.996094	2423.276855
3306.243164	4065.172119	3306.243164	2382.059082	3306.243164	1636.098511	3306.243164	2519.967773
3305.490234	3995.439453	3305.490234	2441.13501	3305.490234	1579.373657	3305.490234	2563.348633
3304.736328	3966.463379	3304.736328	2356.06665	3304.736328	1666.79187	3304.736328	2384.264404
3303.983398	4003.280029	3303.983398	2393.197266	3303.983398	1704.056641	3303.983398	2421.389404
3303.229492	3974.313477	3303.229492	2398.994629	3303.229492	1672.406128	3303.229492	2383.335205
3302.475586	4136.363281	3302.475586	2420.445557	3302.475586	1631.374023	3302.475586	2479.939209
3301.72168	4022.854248	3301.72168	2297.879395	3301.72168	1687.407349	3301.72168	2435.626953
3300.967773	3931.299561	3300.967773	2432.021973	3300.967773	1777.848755	3300.967773	2482.102295
3300.213867	3993.121094	3300.213867	2491.006592	3300.213867	1642.937744	3300.213867	2331.406738
3299.459961	4054.918213	3299.459961	2365.368896	3299.459961	1620.715698	3299.459961	2399.785645
3298.705078	3947.768799	3298.705078	2430.599365	3298.705078	1582.86145	3298.705078	2393.061279
3297.950195	3906.340332	3297.950195	2405.104736	3297.950195	1742.058838	3297.950195	2470.783691
3297.196289	4005.640869	3297.196289	2382.746582	3297.196289	1722.957153	3297.196289	2439.031982
3296.441406	3961.090332	3296.441406	2344.765381	3296.441406	1691.357422	3296.441406	2407.29248
3295.685547	3907.179443	3295.685547	2453.70874	3295.685547	1637.889648	3295.685547	2378.690918
3294.930664	4015.796387	3294.930664	2443.854248	3294.930664	1740.699341	3294.930664	2540.733398
3294.175781	3877.533447	3294.175781	2443.377197	3294.175781	1565.386108	3294.175781	2405.882812
3293.419922	3876.776123	3293.419922	2317.943604	3293.419922	1683.789185	3293.419922	2399.165283
3292.664062	3907.252197	3292.664062	2392.450195	3292.664062	1642.857422	3292.664062	2454.91626
3291.908203	3965.820068	3291.908203	2342.019775	3291.908203	1558.223755	3291.908203	2507.522461
3291.152344	3999.388184	3291.152344	2394.637695	3291.152344	1701.535156	3291.152344	2444.59082
3290.396484	3970.513428	3290.396484	2406.655518	3290.396484	1638.773193	3290.396484	2481.570801
3289.640625	3907.320312	3289.640625	2506.052979	3289.640625	1650.936401	3289.640625	2412.427002
3288.883789	3993.923584	3288.883789	2443.157959	3288.883789	1734.860596	3288.883789	2464.999756
3288.12793	3961.946533	3288.12793	2395.885742	3288.12793	1662.769653	3288.12793	2427.082275
3287.371094	4060.980957	3287.371094	2342.393799	3287.371094	1762.253662	3287.371094	2501.464355
3286.614258	3885.555176	3286.614258	2323.225098	3286.614258	1705.777344	3286.614258	2441.725342
3285.857422	3894.148682	3285.857422	2519.193115	3285.857422	1664.912231	3285.857422	2578.431396
3285.100586	3968.199707	3285.100586	2503.114258	3285.100586	1683.289795	3285.100586	2456.356201
3284.342773	4107.669922	3284.342773	2477.69165	3284.342773	1623.745117	3284.342773	2393.543701
3283.585938	3863.81958	3283.585938	2340.10376	3283.585938	1626.543457	3283.585938	2371.263428
3282.828125	4025.062988	3282.828125	2370.799561	3282.828125	1638.686646	3282.828125	2358.337891
3282.070312	3765.749756	3282.070312	2376.564941	3282.070312	1716.234985	3282.070312	2441.975098
3281.3125	3998.574219	3281.3125	2391.67041	3281.3125	1731.469849	3281.3125	2376.099854
3280.554688	3916.839111	3280.554688	2316.477295	3280.554688	1693.768311	3280.554688	2484.608643
3279.796875	3919.185059	3279.796875	2431.202148	3279.796875	1712.114258	3279.796875	2303.571777
3279.038086	3971.326904	3279.038086	2427.61377	3279.038086	1683.767944	3279.038086	2337.356201
3278.279297	3790.06958	3278.279297	2427.138184	3278.279297	1586.974976	3278.279297	2346.233643
3277.521484	3941.77124	3277.521484	2501.329346	3277.521484	1670.66394	3277.521484	2383.107178
3276.762695	4093.41333	3276.762695	2367.087891	3276.762695	1673.447144	3276.762695	2488.397217
3276.003906	3940.226807	3276.003906	2447.480957	3276.003906	1735.316895	3276.003906	2466.140381
3275.244141	3917.689453	3275.244141	2244.898193	3275.244141	1691.446899	3275.244141	2474.984863
3274.485352	3895.160889	3274.485352	2356.370361	3274.485352	1594.746582	3274.485352	2443.412842
3273.725586	3875.748779	3273.725586	2337.26001	3273.725586	1784.025513	3273.725586	2374.556641
3272.966797	3822.162354	3272.966797	2492.174072	3272.966797	1740.171387	3272.966797	2392.735596
3272.207031	3905.297363	3272.207031	2445.082764	3272.207031	1690.120728	3272.207031	2432.655273
3271.447266	3904.53125	3271.447266	2450.815674	3271.447266	1686.682983	3271.447266	2429.072021
3270.6875	3981.406006	3270.6875	2419.278564	3270.6875	1701.880249	3270.6875	2403.750488
3269.926758	3875.054443	3269.926758	2325.653564	3269.926758	1776.066528	3269.926758	2393.963867
3269.166992	3824.623535	3269.166992	2455.582275	3269.166992	1695.003662	3269.166992	2356.241211
3268.40625	3979.0625	3268.40625	2448.892578	3268.40625	1645.010254	3268.40625	2430.269775
3267.646484	4006.210205	3267.646484	2473.237549	3267.646484	1613.655518	3267.646484	2439.102295
3266.885742	3872.012939	3266.885742	2420.008057	3266.885742	1690.903076	3266.885742	2429.315918
3266.125	3868.150879	3266.125	2360.595703	3266.125	1656.449463	3266.125	2413.329102
3265.363281	3889.100586	3265.363281	2332.219971	3265.363281	1674.7323	3265.363281	2524.503906
3264.602539	3953.452637	3264.602539	2434.086426	3264.602539	1680.60498	3264.602539	2468.19458
3263.841797	3940.275391	3263.841797	2449.109131	3263.841797	1711.276245	3263.841797	2573.114502
3263.080078	4069.681641	3263.080078	2290.552002	3263.080078	1611.755127	3263.080078	2315.348145
3262.318359	3972.81543	3262.318359	2283.904053	3262.318359	1735.395142	3262.318359	2435.751221
3261.556641	3894.576904	3261.556641	2416.682617	3261.556641	1753.644043	3261.556641	2388.797852
3260.794922	3900.006836	3260.794922	2363.546631	3260.794922	1669.661377	3260.794922	2372.839844
3260.033203	3970.473389	3260.033203	2363.082031	3260.033203	1700.304077	3260.033203	2338.30542
3259.270508	3814.868652	3259.270508	2353.328125	3259.270508	1709.259277	3259.270508	2412.161133
3258.508789	3780.063965	3258.508789	2439.549805	3258.508789	1690.348022	3258.508789	2352.865234
3257.746094	3822.654297	3257.746094	2408.117432	3257.746094	1674.539185	3257.746094	2417.40332
3256.983398	3818.807617	3256.983398	2290.046875	3256.983398	1723.724365	3256.983398	2438.590332
3256.220703	3923.25415	3256.220703	2391.699951	3256.220703	1751.231812	3256.220703	2422.640381
3255.458008	3903.921631	3255.458008	2425.257324	3255.458008	1750.887207	3255.458008	2524.247314
3254.694336	3816.554199	3254.694336	2446.429932	3254.694336	1697.9646	3254.694336	2421.687256
3253.931641	3803.434326	3253.931641	2436.671631	3253.931641	1740.921509	3253.931641	2408.841797
3253.167969	3957.266357	3253.167969	2408.367676	3253.167969	1663.288574	3253.167969	2327.985596
3252.404297	3873.030273	3252.404297	2370.801514	3252.404297	1662.961182	3252.404297	2287.344238
3251.640625	3859.90625	3251.640625	2336.340332	3251.640625	1801.70166	3251.640625	2475.408203
3250.876953	3939.480713	3250.876953	2354.418945	3250.876953	1634.498291	3250.876953	2332.790527
3250.113281	3954.150879	3250.113281	2372.490479	3250.113281	1748.476074	3250.113281	2446.630859
3249.348633	3789.677734	3249.348633	2393.643311	3249.348633	1729.60022	3249.348633	2523.363281
3248.584961	3924.801514	3248.584961	2251.125488	3248.584961	1732.347534	3248.584961	2414.787354
3247.820312	3871.543213	3247.820312	2568.679443	3247.820312	1654.822388	3247.820312	2442.0979
3247.055664	3861.520264	3247.055664	2531.132324	3247.055664	1747.098633	3247.055664	2299.626465
3246.291016	4086.047363	3246.291016	2475.083008	3246.291016	1706.634644	3246.291016	2422.618652
3245.526367	3866.169434	3245.526367	2274.035889	3245.526367	1700.127197	3245.526367	2422.141357
3244.760742	3890.08667	3244.760742	2480.277344	3244.760742	1681.282471	3244.760742	2430.918457
3243.996094	3944.837402	3243.996094	2522.96875	3243.996094	1717.962769	3243.996094	2448.945312
3243.230469	3882.385498	3243.230469	2337.448975	3243.230469	1692.954468	3243.230469	2445.378662
3242.464844	3887.786133	3242.464844	2395.566895	3242.464844	1748.116333	3242.464844	2336.988037
3241.699219	3924.009277	3241.699219	2370.43457	3241.699219	1615.224487	3241.699219	2429.001709
3240.933594	3904.743896	3240.933594	2336.066162	3240.933594	1685.789185	3240.933594	2385.376221
3240.167969	3817.697998	3240.167969	2418.799805	3240.167969	1697.781738	3240.167969	2409.555908
3239.402344	3878.558105	3239.402344	2439.887207	3239.402344	1734.414795	3239.402344	2372.112549
3238.635742	3914.753418	3238.635742	2445.565918	3238.635742	1687.871704	3238.635742	2457.885986
3237.869141	3880.106934	3237.869141	2442.003662	3237.869141	1816.875488	3237.869141	2349.620361
3237.102539	3811.606445	3237.102539	2330.68335	3237.102539	1677.968994	3237.102539	2389.181396
3236.335938	3958.609375	3236.335938	2388.709717	3236.335938	1689.950684	3236.335938	2296.362793
3235.569336	3862.421387	3235.569336	2305.142334	3235.569336	1643.452637	3235.569336	2474.411865
3234.802734	3849.350586	3234.802734	2344.688477	3234.802734	1658.513184	3234.802734	2489.30835
3234.035156	4017.792969	3234.035156	2334.996094	3234.035156	1685.873291	3234.035156	2430.364746
3233.267578	3850.906006	3233.267578	2380.671875	3233.267578	1620.948486	3233.267578	2509.855713
3232.500977	3856.295898	3232.500977	2367.900879	3232.500977	1743.636108	3232.500977	2432.47998
3231.732422	3830.937256	3231.732422	2379.731445	3231.732422	1647.979492	3231.732422	2398.178955
3230.964844	3824.032471	3230.964844	2385.40918	3230.964844	1681.467651	3230.964844	2345.44751
3230.197266	3820.203369	3230.197266	2351.130859	3230.197266	1665.768433	3230.197266	2427.965088
3229.429688	3840.957764	3229.429688	2402.903076	3229.429688	1690.021362	3229.429688	2479.722412
3228.661133	3886.281006	3228.661133	2276.469727	3228.661133	1720.408936	3228.661133	2399.355957
3227.892578	3873.226562	3227.892578	2438.812012	3227.892578	1710.854248	3227.892578	2432.668945
3227.124023	3921.595947	3227.124023	2297.066406	3227.124023	1722.799805	3227.124023	2392.265625
3226.355469	3816.428955	3226.355469	2330.385742	3226.355469	1756.232788	3226.355469	2483.902588
3225.586914	3791.116455	3225.586914	2342.203857	3225.586914	1691.421143	3225.586914	2363.692139
3224.817383	3771.951904	3224.817383	2307.980225	3224.817383	1706.432251	3224.817383	2427.676025
3224.048828	3746.657715	3224.048828	2513.114258	3224.048828	1761.328003	3224.048828	2353.551514
3223.279297	3770.459717	3223.279297	2442.055176	3223.279297	1696.553467	3223.279297	2411.376221
3222.509766	3861.73291	3222.509766	2346.48584	3222.509766	1650.208252	3222.509766	2236.062988
3221.740234	3897.769043	3221.740234	2260.154053	3221.740234	1603.881348	3221.740234	2367.488281
3220.970703	3964.45166	3220.970703	2431.407715	3220.970703	1637.290894	3220.970703	2382.350342
3220.201172	3831.851318	3220.201172	2394.140625	3220.201172	1731.996704	3220.201172	2381.878662
3219.430664	3880.130615	3219.430664	2418.185791	3219.430664	1599.86438	3219.430664	2329.304443
3218.661133	3873.234131	3218.661133	2426.899902	3218.661133	1715.989746	3218.661133	2414.642822
3217.890625	3820.38501	3217.890625	2408.037354	3217.890625	1779.986938	3217.890625	2337.573242
3217.120117	3620.530029	3217.120117	2318.731934	3217.120117	1693.868896	3217.120117	2416.749756
3216.349609	3821.934326	3216.349609	2446.895508	3216.349609	1693.533447	3216.349609	2434.645752
3215.578125	3854.857666	3215.578125	2412.730713	3215.578125	1723.816406	3215.578125	2403.545166
3214.807617	3728.583496	3214.807617	2354.089355	3214.807617	1787.760864	3214.807617	2326.538086
3214.036133	3776.814941	3214.036133	2442.381104	3214.036133	1686.406006	3214.036133	2387.289795
3213.265625	3806.666748	3213.265625	2493.91748	3213.265625	1777.872559	3213.265625	2389.876709
3212.494141	3808.971924	3212.494141	2270.085938	3212.494141	1667.381226	3212.494141	2401.640869
3211.722656	3838.805176	3211.722656	2333.871094	3211.722656	1660.933228	3211.722656	2404.223877
3210.951172	3776.880127	3210.951172	2367.048828	3210.951172	1764.582886	3210.951172	2489.376953
3210.178711	3870.916992	3210.178711	2418.558838	3210.178711	1733.657104	3210.178711	2378.810059
3209.407227	3766.211914	3209.407227	2350.825439	3209.407227	1656.888672	3209.407227	2402.794434
3208.634766	4009.976074	3208.634766	2402.317871	3208.634766	1705.462402	3208.634766	2402.317871
3207.862305	3831.945801	3207.862305	2297.945068	3207.862305	1845.689941	3207.862305	2328.50293
3207.089844	3718.144531	3207.089844	2416.641113	3207.089844	1686.454956	3207.089844	2398.310059
3206.317383	3790.716553	3206.317383	2287.870117	3206.317383	1673.902222	3206.317383	2272.597168
3205.544922	3765.532959	3205.544922	2409.574707	3205.544922	1664.408325	3205.544922	2385.143066
3204.771484	3740.359131	3204.771484	2338.869385	3204.771484	1688.505005	3204.771484	2378.563232
3203.999023	3699.931396	3203.999023	2359.774658	3203.999023	1724.802979	3203.999023	2466.62085
3203.225586	3751.08374	3203.225586	2411.192871	3203.225586	1715.304321	3203.225586	2377.619385
3202.452148	3826.627686	3202.452148	2374.095947	3202.452148	1666.139404	3202.452148	2386.302246
3201.678711	3795.358887	3201.678711	2370.573975	3201.678711	1778.693115	3201.678711	2355.319336
3200.904297	3684.793945	3200.904297	2345.700684	3200.904297	1665.478027	3200.904297	2354.851807
3200.130859	3677.963135	3200.130859	2308.638428	3200.130859	1686.495483	3200.130859	2314.738037
3199.356445	3972.99707	3199.356445	2353.916992	3199.356445	1713.602661	3199.356445	2280.738037
3198.583008	3740.521484	3198.583008	2295.527832	3198.583008	1777.281128	3198.583008	2499.778076
3197.808594	3846.455322	3197.808594	2243.257568	3197.808594	1737.305542	3197.808594	2471.850586
3197.03418	3684.18457	3197.03418	2346.42041	3197.03418	1615.068604	3197.03418	2428.69751
3196.259766	3762.666992	3196.259766	2385.561279	3196.259766	1703.101929	3196.259766	2370.327881
3195.484375	3710.13623	3195.484375	2378.995361	3195.484375	1742.362793	3195.484375	2302.843018
3194.709961	3733.762939	3194.709961	2372.431885	3194.709961	1745.062134	3194.709961	2427.250488
3193.93457	3775.649414	3193.93457	2344.556641	3193.93457	1699.042236	3193.93457	2237.98584
3193.15918	3729.235107	3193.15918	2322.780762	3193.15918	1665.217651	3193.15918	2401.931885
3192.383789	3755.887207	3192.383789	2437.978516	3192.383789	1713.585449	3192.383789	2337.537598
3191.608398	3657.762695	3191.608398	2254.9104	3191.608398	1731.503296	3191.608398	2282.297852
3190.833008	3696.587646	3190.833008	2272.716797	3190.833008	1706.81958	3190.833008	2376.1604
3190.056641	3638.057617	3190.056641	2174.925781	3190.056641	1697.354736	3190.056641	2357.437012
3189.28125	3692.077148	3189.28125	2299.184814	3189.28125	1648.3573	3189.28125	2329.597168
3188.504883	3715.668213	3188.504883	2338.256104	3188.504883	1714.923828	3188.504883	2310.890137
3187.728516	3602.447998	3187.728516	2304.350586	3187.728516	1644.661865	3187.728516	2316.510742
3186.952148	3668.599121	3186.952148	2203.591064	3186.952148	1674.729248	3186.952148	2267.419189
3186.175781	3667.869629	3186.175781	2257.851807	3186.175781	1650.085449	3186.175781	2461.453613
3185.398438	3724.866455	3185.398438	2388.046631	3185.398438	1652.795532	3185.398438	2445.772949
3184.62207	3751.464111	3184.62207	2323.781494	3184.62207	1728.407349	3184.62207	2305.555664
3183.844727	3705.162598	3183.844727	2292.948975	3183.844727	1718.952515	3183.844727	2220.060547
3183.067383	3692.279785	3183.067383	2286.419922	3183.067383	1651.809448	3183.067383	2380.548828
3182.290039	3727.975098	3182.290039	2255.606934	3182.290039	1690.946289	3182.290039	2307.21582
3181.512695	3663.493896	3181.512695	2400.848145	3181.512695	1639.011353	3181.512695	2352.284912
3180.734375	3850.910156	3180.734375	2397.335693	3180.734375	1723.654053	3180.734375	2467.131592
3179.957031	3731.817871	3179.957031	2284.60083	3179.957031	1665.665039	3179.957031	2396.858643
3179.178711	3700.741211	3179.178711	2344.813965	3179.178711	1671.400391	3179.178711	2372.114502
3178.400391	3669.676758	3178.400391	2310.986572	3178.400391	1716.559448	3178.400391	2401.970215
3177.62207	3538.562256	3177.62207	2468.200195	3177.62207	1579.769409	3177.62207	2334.783936
3176.84375	3631.83667	3176.84375	2391.919189	3176.84375	1673.43396	3176.84375	2285.813721
3176.06543	3679.609375	3176.06543	2376.288086	3176.06543	1724.627441	3176.06543	2261.11084
3175.286133	3684.9375	3175.286133	2293.994629	3175.286133	1736.405518	3175.286133	2272.782227
3174.507812	3563.012695	3174.507812	2217.793701	3174.507812	1711.821533	3174.507812	2423.818115
3173.728516	3686.499023	3173.728516	2262.789551	3173.728516	1741.772339	3173.728516	2335.489502
3172.949219	3673.650635	3172.949219	2362.281494	3172.949219	1714.168335	3172.949219	2395.595703
3172.169922	3675.946777	3172.169922	2243.720459	3172.169922	1759.246338	3172.169922	2307.307617
3171.390625	3641.913574	3171.390625	2222.082031	3171.390625	1783.114746	3171.390625	2361.340576
3170.610352	3586.706299	3170.610352	2188.344971	3170.610352	1679.849854	3170.610352	2191.371582
3169.831055	3691.907227	3169.831055	2272.641113	3169.831055	1655.305908	3169.831055	2293.824219
3169.050781	3660.916016	3169.050781	2314.546143	3169.050781	1721.538208	3169.050781	2326.648193
3168.270508	3687.411133	3168.270508	2280.810547	3168.270508	1651.621338	3168.270508	2359.458984
3167.490234	3547.556396	3167.490234	2292.453369	3167.490234	1702.706055	3167.490234	2304.550781
3166.709961	3691.989014	3166.709961	2310.138916	3166.709961	1629.796875	3166.709961	2406.898682
3165.928711	3552.188721	3165.928711	2285.493408	3165.928711	1708.07373	3165.928711	2306.655273
3165.148438	3566.593262	3165.148438	2206.451904	3165.148438	1662.395142	3165.148438	2300.150391
3164.367188	3520.553223	3164.367188	2302.713867	3164.367188	1725.524414	3164.367188	2341.999023
3163.585938	3598.406006	3163.585938	2356.638672	3163.585938	1670.796387	3163.585938	2250.89209
3162.804688	3639.97876	3162.804688	2365.230957	3162.804688	1679.525513	3162.804688	2377.313965
3162.023438	3575.830322	3162.023438	2343.618652	3162.023438	1636.908813	3162.023438	2286.236084
3161.242188	3599.273438	3161.242188	2322.014648	3161.242188	1730.187744	3161.242188	2391.463623
3160.459961	3704.218018	3160.459961	2318.532471	3160.459961	1693.615601	3160.459961	2203.813477
3159.678711	3549.544922	3159.678711	2318.070068	3159.678711	1596.691528	3159.678711	2312.033447
3158.896484	3666.528076	3158.896484	2224.058594	3158.896484	1683.886963	3158.896484	2272.342041
3158.114258	3496.838135	3158.114258	2259.820312	3158.114258	1734.842041	3158.114258	2323.179688
3157.332031	3526.305664	3157.332031	2244.286865	3157.332031	1680.19873	3157.332031	2250.320068
3156.548828	3570.84082	3156.548828	2289.077881	3156.548828	1640.656616	3156.548828	2298.125732
3155.766602	3530.929443	3155.766602	2243.391602	3155.766602	1712.696777	3155.766602	2282.590576
3154.983398	3448.827881	3154.983398	2224.855713	3154.983398	1784.70813	3154.983398	2155.517334
3154.201172	3586.788574	3154.201172	2323.877441	3154.201172	1712.013428	3154.201172	2332.919678
3153.417969	3444.437988	3153.417969	2314.373047	3153.417969	1633.320557	3153.417969	2293.278564
3152.633789	3464.841064	3152.633789	2172.304688	3152.633789	1693.252686	3152.633789	2229.549805
3151.850586	3503.30957	3151.850586	2325.498535	3151.850586	1707.976318	3151.850586	2292.363281
3151.067383	3605.008057	3151.067383	2319.010986	3151.067383	1737.752441	3151.067383	2264.800537
3150.283203	3384.478027	3150.283203	2297.470459	3150.283203	1656.105835	3150.283203	2231.226318
3149.499023	3465.086182	3149.499023	2306.043457	3149.499023	1785.226807	3149.499023	2251.854248
3148.71582	3500.513184	3148.71582	2248.39502	3148.71582	1613.306152	3148.71582	2386.850342
3147.931641	3541.94458	3147.931641	2139.611328	3147.931641	1640.067749	3147.931641	2193.778564
3147.146484	3589.376465	3147.146484	2268.558105	3147.146484	1690.888184	3147.146484	2151.218994
3146.362305	3372.076904	3146.362305	2241.032227	3146.362305	1621.364258	3146.362305	2198.918945
3145.577148	3554.86084	3145.577148	2207.502441	3145.577148	1609.01062	3145.577148	2351.862305
3144.792969	3412.82666	3144.792969	2336.358154	3144.792969	1650.785767	3144.792969	2303.282227
3144.007812	3475.277344	3144.007812	2302.822266	3144.007812	1689.537964	3144.007812	2281.778076
3143.222656	3486.606201	3143.222656	2149.071777	3143.222656	1632.092407	3143.222656	2296.35083
3142.4375	3470.884277	3142.4375	2301.902588	3142.4375	1565.654297	3142.4375	2398.06543
3141.651367	3328.979736	3141.651367	2220.321289	3141.651367	1598.390991	3141.651367	2220.321289
3140.866211	3535.583496	3140.866211	2294.975342	3140.866211	1700.204102	3140.866211	2207.862305
3140.080078	3486.824463	3140.080078	2195.407959	3140.080078	1648.808472	3140.080078	2243.460693
3139.293945	3552.187256	3139.293945	2182.95874	3139.293945	1591.427979	3139.293945	2309.071777
3138.507812	3512.450439	3138.507812	2353.64209	3138.507812	1642.14563	3138.507812	2275.587646
3137.72168	3499.742676	3137.72168	2293.141846	3137.72168	1626.810059	3137.72168	2326.158203
3136.935547	3571.064941	3136.935547	2262.674805	3136.935547	1761.525269	3136.935547	2151.641602
3136.148438	3465.341064	3136.148438	2412.237305	3136.148438	1701.167358	3136.148438	2259.222412
3135.362305	3509.644043	3135.362305	2156.78125	3135.362305	1694.828125	3135.362305	2288.767822
3134.575195	3571.923584	3134.575195	2300.306885	3134.575195	1658.500244	3134.575195	2360.288818
3133.788086	3463.263916	3133.788086	2278.857666	3133.788086	1646.174805	3133.788086	2233.880127
3133.000977	3501.544434	3133.000977	2215.446289	3133.000977	1657.837402	3133.000977	2281.400146
3132.213867	3395.939209	3132.213867	2238.981934	3132.213867	1546.606079	3132.213867	2101.106201
3131.425781	3371.286865	3131.425781	2217.557617	3131.425781	1669.161621	3131.425781	2232.541016
3130.638672	3484.464844	3130.638672	2166.180664	3130.638672	1665.831787	3130.638672	2283.028564
3129.850586	3351.966309	3129.850586	2240.635254	3129.850586	1662.503418	3129.850586	2207.68457
3129.0625	3336.321777	3129.0625	2231.202637	3129.0625	1647.196533	3129.0625	2243.182129
3128.274414	3452.432617	3128.274414	2185.842041	3128.274414	1703.759033	3128.274414	2167.876221
3127.486328	3421.80542	3127.486328	2356.046143	3127.486328	1730.361694	3127.486328	2302.159424
3126.697266	3370.238281	3126.697266	2137.078369	3126.697266	1655.18811	3126.697266	2250.816406
3125.90918	3426.422119	3125.90918	2178.546143	3125.90918	1690.767334	3125.90918	2256.351318
3125.120117	3590.292236	3125.120117	2202.045898	3125.120117	1705.388794	3125.120117	2217.005371
3124.331055	3419.06958	3124.331055	2078.96167	3124.331055	1711.030396	3124.331055	2150.753174
3123.541992	3451.283691	3123.541992	2189.202393	3123.541992	1731.623291	3123.541992	2266.960938
3122.75293	3405.741699	3122.75293	2134.942627	3122.75293	1752.207764	3122.75293	2206.705322
3121.962891	3375.165527	3121.962891	2230.180176	3121.962891	1647.224243	3121.962891	2194.306152
3121.173828	3520.947754	3121.173828	2208.811768	3121.173828	1736.5625	3121.173828	2259.623535
3120.383789	3400.710693	3120.383789	2244.22998	3120.383789	1691.390381	3120.383789	2169.521973
3119.59375	3588.25708	3119.59375	2175.063477	3119.59375	1640.260742	3119.59375	2252.744385
3118.803711	3279.865479	3118.803711	2270.216553	3118.803711	1687.726685	3118.803711	2288.13916
3118.013672	3318.03418	3118.013672	2224.9646	3118.013672	1588.83374	3118.013672	2275.735596
3117.223633	3338.272217	3117.223633	2122.997803	3117.223633	1690.037598	3117.223633	2185.702393
3116.432617	3400.296387	3116.432617	2065.851807	3116.432617	1629.99292	3116.432617	2182.279785
3115.642578	3316.043701	3115.642578	2187.812744	3115.642578	1656.529419	3115.642578	2143.041748
3114.851562	3252.713379	3114.851562	2282.867676	3114.851562	1623.372559	3114.851562	2178.422607
3114.060547	3359.470215	3114.060547	2145.167969	3114.060547	1661.833862	3114.060547	2219.756592
3113.269531	3355.815186	3113.269531	2237.210205	3113.269531	1625.706055	3113.269531	2123.858154
3112.477539	3414.791016	3112.477539	2108.521484	3112.477539	1604.504395	3112.477539	2209.921387
3111.686523	3446.906982	3111.686523	2105.11792	3111.686523	1607.165161	3111.686523	2155.807861
3110.894531	3428.330566	3110.894531	2206.056152	3110.894531	1624.730591	3110.894531	2125.564941
3110.102539	3272.655518	3110.102539	2175.809082	3110.102539	1728.725098	3110.102539	2071.489502
3109.310547	3444.838623	3109.310547	2193.253662	3109.310547	1647.920166	3109.310547	2229.013184
3108.518555	3357.747803	3108.518555	2142.165527	3108.518555	1590.982544	3108.518555	2130.248047
3107.726562	3446.438965	3107.726562	2156.630859	3107.726562	1566.833984	3107.726562	2204.29126
3106.93457	3380.229492	3106.93457	2138.330322	3106.93457	1649.909424	3106.93457	2254.479004
3106.141602	3418.261719	3106.141602	2137.902344	3106.141602	1652.556885	3106.141602	2188.52124
3105.348633	3274.682617	3105.348633	2155.336426	3105.348633	1720.696777	3105.348633	2131.520508
3104.555664	3330.578613	3104.555664	2235.267578	3104.555664	1657.848389	3104.555664	2202.527344
3103.762695	3264.444824	3103.762695	2234.820312	3103.762695	1645.613403	3103.762695	2267.554199
3102.969727	3424.452148	3102.969727	2133.216553	3102.969727	1692.887329	3102.969727	2210.571533
3102.175781	3260.163818	3102.175781	2236.900635	3102.175781	1576.539062	3102.175781	2162.535645
3101.382812	3363.601562	3101.382812	2179.947021	3101.382812	1689.23584	3101.382812	2162.102783
3100.588867	3297.513428	3100.588867	2036.786865	3100.588867	1638.349731	3100.588867	2078.414551
3099.794922	3389.010742	3099.794922	2080.971436	3099.794922	1682.614136	3099.794922	2107.726807
3099.000977	3385.360352	3099.000977	2199.443848	3099.000977	1676.333008	3099.000977	2175.66626
3098.207031	3357.938232	3098.207031	2169.287598	3098.207031	1684.912354	3098.207031	2124.713135
3097.413086	3280.019287	3097.413086	2168.853271	3097.413086	1559.79187	3097.413086	2168.853271
3096.618164	3306.096924	3096.618164	2227.828125	3096.618164	1675.32666	3096.618164	2328.822998
3095.823242	3352.952637	3095.823242	2215.50293	3095.823242	1568.077026	3095.823242	2248.171143
3095.02832	3399.789551	3095.02832	2292.26001	3095.02832	1594.48645	3095.02832	2253.659668
3094.233398	3324.892822	3094.233398	2131.493896	3094.233398	1582.292725	3094.233398	2178.992188
3093.438477	3404.36499	3093.438477	2226.045166	3093.438477	1691.794312	3093.438477	2315.086914
3092.643555	3359.171631	3092.643555	2344.29834	3092.643555	1596.496826	3092.643555	2154.380371
3091.847656	3465.306641	3091.847656	2153.949219	3091.847656	1676.282837	3091.847656	2103.512451
3091.051758	3485.377197	3091.051758	2132.75415	3091.051758	1637.385742	3091.051758	2245.472656
3090.256836	3226.665039	3090.256836	2031.494019	3090.256836	1684.508911	3090.256836	2280.611572
3089.460938	3326.832275	3089.460938	2143.760986	3089.460938	1663.416138	3089.460938	2274.224854
3088.664062	3346.917969	3088.664062	2172.976807	3088.664062	1725.337646	3088.664062	2187.799316
3087.868164	3281.042236	3087.868164	2231.820068	3087.868164	1618.291748	3087.868164	2208.108643
3087.071289	3387.064697	3087.071289	2243.226562	3087.071289	1650.564331	3087.071289	2157.290527
3086.275391	3513.783691	3086.275391	2216.113037	3086.275391	1691.712036	3086.275391	2269.442139
3085.478516	3356.087646	3085.478516	2277.874268	3085.478516	1596.585449	3085.478516	2292.684814
3084.681641	3393.916016	3084.681641	2105.649414	3084.681641	1652.535034	3084.681641	2232.995361
3083.884766	3319.213135	3083.884766	2087.462402	3083.884766	1598.907349	3083.884766	2167.407715
3083.086914	3481.36792	3083.086914	2190.656738	3083.086914	1705.15979	3083.086914	2232.101562
3082.290039	3406.677246	3082.290039	2228.695068	3082.290039	1556.830811	3082.290039	2216.855957
3081.492188	3512.525391	3081.492188	2222.330566	3081.492188	1651.212402	3081.492188	2213.453125
3080.694336	3473.36084	3080.694336	2207.093018	3080.694336	1677.509033	3080.694336	2183.424561
3079.896484	3454.917969	3079.896484	2236.231201	3079.896484	1644.63562	3079.896484	2236.231201
3079.098633	3460.141113	3079.098633	2161.848877	3079.098633	1629.519531	3079.098633	2158.891602
3078.300781	3521.541504	3078.300781	2270.817627	3078.300781	1661.71814	3078.300781	2335.867188
3077.50293	3482.406006	3077.50293	2276.275635	3077.50293	1599.305298	3077.50293	2190.545654
3076.704102	3511.265137	3076.704102	2225.574707	3076.704102	1699.475952	3076.704102	2198.974121
3075.905273	3439.64209	3075.905273	2080.333252	3075.905273	1616.395386	3075.905273	2313.779785
3075.106445	3586.675049	3075.106445	2271.954834	3075.106445	1692.886963	3075.106445	2233.547119
3074.307617	3473.711426	3074.307617	2348.299805	3074.307617	1775.255615	3074.307617	2309.899902
3073.508789	3449.390381	3073.508789	2353.736328	3073.508789	1686.302979	3073.508789	2386.222168
3072.708984	3611.095947	3072.708984	2308.975586	3072.708984	1736.160645	3072.708984	2332.59668
3071.910156	3625.133789	3071.910156	2252.424316	3071.910156	1611.826538	3071.910156	2287.849121
3071.110352	3653.923096	3071.110352	2305.100098	3071.110352	1667.582031	3071.110352	2346.420654
3070.310547	3641.388184	3070.310547	2292.835205	3070.310547	1658.39563	3070.310547	2410.870605
3069.510742	3593.455078	3069.510742	2304.17749	3069.510742	1652.163208	3069.510742	2445.791504
3068.709961	3754.969482	3068.709961	2409.905762	3068.709961	1560.391846	3068.709961	2398.106934
3067.910156	3763.06543	3067.910156	2391.729004	3067.910156	1672.145874	3067.910156	2359.288574
3067.109375	3897.94458	3067.109375	2317.537354	3067.109375	1721.936157	3067.109375	2467.911865
3066.30957	3684.913574	3066.30957	2272.854736	3066.30957	1639.049561	3066.30957	2485.105713
3065.508789	3872.806152	3065.508789	2366.714844	3065.508789	1632.826904	3065.508789	2458.082275
3064.708008	3916.232422	3064.708008	2475.270996	3064.708008	1670.807983	3064.708008	2442.856934
3063.90625	3853.57959	3063.90625	2398.175781	3063.90625	1744.127808	3063.90625	2433.529541
3063.105469	3891.101074	3063.105469	2409.478271	3063.105469	1817.418091	3063.105469	2483.117432
3062.303711	3922.717285	3062.303711	2432.555908	3062.303711	1731.650024	3062.303711	2394.27124
3061.501953	3921.932617	3061.501953	2426.180664	3061.501953	1695.970825	3061.501953	2405.569824
3060.701172	4059.506836	3060.701172	2522.84082	3060.701172	1686.800171	3060.701172	2372.706787
3059.898438	3911.533936	3059.898438	2439.926025	3059.898438	1742.383911	3059.898438	2489.960693
3059.09668	3975.489502	3059.09668	2468.864258	3059.09668	1727.322144	3059.09668	2448.265869
3058.294922	4104.144043	3058.294922	2397.761475	3058.294922	1703.440308	3058.294922	2527.211182
3057.492188	4006.255127	3057.492188	2526.705811	3057.492188	1717.806885	3057.492188	2464.935303
3056.689453	4105.442871	3056.689453	2526.200195	3056.689453	1688.054688	3056.689453	2487.968994
3055.887695	4122.263672	3055.887695	2466.889648	3055.887695	1699.478149	3055.887695	2416.905029
3055.083984	3956.816895	3055.083984	2516.37085	3055.083984	1710.896973	3055.083984	2375.265869
3054.28125	3812.009766	3054.28125	2339.521729	3054.28125	1754.641357	3054.28125	2327.765381
3053.478516	3937.603271	3053.478516	2477.163818	3053.478516	1698.45874	3053.478516	2556.503662
3052.674805	3778.167969	3052.674805	2438.475586	3052.674805	1756.877563	3052.674805	2382.655029
3051.87207	3842.033936	3051.87207	2458.549316	3051.87207	1677.21814	3051.87207	2473.23584
3051.068359	3902.937256	3051.068359	2384.638916	3051.068359	1644.578613	3051.068359	2440.437012
3050.264648	3890.412354	3050.264648	2528.033936	3050.264648	1761.696167	3050.264648	2437.012939
3049.459961	3707.628906	3049.459961	2468.817139	3049.459961	1667.405518	3049.459961	2301.489258
3048.65625	3836.0271	3048.65625	2292.224365	3048.65625	1643.592285	3048.65625	2418.428711
3047.851562	3714.949707	3047.851562	2429.682861	3047.851562	1561.100464	3047.851562	2409.14209
3047.047852	3602.722168	3047.047852	2300.109375	3047.047852	1704.545288	3047.047852	2229.697754
3046.243164	3643.067139	3046.243164	2340.7146	3046.243164	1777.535156	3046.243164	2270.317139
3045.438477	3601.281982	3045.438477	2202.412598	3045.438477	1730.257568	3045.438477	2202.412598
3044.633789	3527.260742	3044.633789	2240.089111	3044.633789	1697.65918	3044.633789	2339.779053
3043.828125	3617.431152	3043.828125	2242.572754	3043.828125	1691.456909	3043.828125	2201.532227
3043.023438	3525.85083	3043.023438	2335.912842	3043.023438	1582.67627	3043.023438	2204.023193
3042.217773	3601.333984	3042.217773	2197.722168	3042.217773	1541.335815	3042.217773	2221.164551
3041.412109	3527.371582	3041.412109	2247.087891	3041.412109	1649.427002	3041.412109	2329.119873
3040.606445	3441.721924	3040.606445	2223.206055	3040.606445	1663.743042	3040.606445	2387.237061
3039.800781	3274.107422	3039.800781	2263.76123	3039.800781	1557.983154	3039.800781	2269.618408
3038.994141	3542.825195	3038.994141	2266.236816	3038.994141	1610.375122	3038.994141	2198.894043
3038.188477	3445.51416	3038.188477	2233.583008	3038.188477	1604.198608	3038.188477	2286.275635
3037.381836	3479.947266	3037.381836	2259.477783	3037.381836	1606.804932	3037.381836	2233.136719
3036.575195	3435.358887	3036.575195	2171.240479	3036.575195	1635.74585	3036.575195	2247.321777
3035.768555	3428.821533	3035.768555	2211.765381	3035.768555	1565.204346	3035.768555	2200.062988
3034.961914	3527.587646	3034.961914	2313.699707	3034.961914	1678.967896	3034.961914	2173.298096
3034.155273	3453.771973	3034.155273	2190.410889	3034.155273	1573.352539	3034.155273	2149.468506
3033.347656	3356.594727	3033.347656	2286.460693	3033.347656	1581.809814	3033.347656	2236.755127
3032.541016	3420.236328	3032.541016	2171.996338	3032.541016	1566.877563	3032.541016	2204.152344
3031.733398	3349.408691	3031.733398	2116.03125	3031.733398	1657.168213	3031.733398	2241.707275
3030.925781	3377.961182	3030.925781	2179.895264	3030.925781	1636.382568	3030.925781	2220.804932
3030.117188	3429.874023	3030.117188	2042.148193	3030.117188	1580.546753	3030.117188	2185.302979
3029.30957	3420.426514	3029.30957	2129.368896	3029.30957	1586.07312	3029.30957	2135.210693
3028.501953	3355.495605	3028.501953	2134.784424	3028.501953	1673.36731	3028.501953	2210.713867
3027.693359	3398.622559	3027.693359	2119.759521	3027.693359	1696.391479	3027.693359	2221.95166
3026.884766	3412.540039	3026.884766	2174.801025	3026.884766	1661.022461	3026.884766	2183.558594
3026.076172	3388.51001	3026.076172	2083.889893	3026.076172	1678.202637	3026.076172	2121.831787
3025.267578	3422.850098	3025.267578	2185.60498	3025.267578	1555.310425	3025.267578	2133.080566
3024.458984	3328.808838	3024.458984	2199.756104	3024.458984	1595.84436	3024.458984	2161.829346
3023.649414	3164.800049	3023.649414	2082.642578	3023.649414	1595.525879	3023.649414	2199.317139
3022.839844	3269.154785	3022.839844	2166.799316	3022.839844	1580.626099	3022.839844	2228.04126
3022.03125	3169.368652	3022.03125	2064.317383	3022.03125	1626.962036	3022.03125	2105.137207
3021.22168	3186.227051	3021.22168	2163.019531	3021.22168	1620.807129	3021.22168	2098.886963
3020.411133	3275.942139	3020.411133	2110.126465	3020.411133	1562.192993	3020.411133	2089.724609
3019.601562	3327.73999	3019.601562	2144.673096	3019.601562	1585.193115	3019.601562	2170.898682
3018.791992	3254.241699	3018.791992	2176.29248	3018.791992	1494.562256	3018.791992	2094.717773
3017.981445	3218.63916	3017.981445	2286.544678	3017.981445	1628.252808	3017.981445	2161.294434
3017.170898	3127.71875	3017.170898	2187.073242	3017.170898	1648.313599	3017.170898	2213.283203
3016.360352	3325.086182	3016.360352	2183.725586	3016.360352	1627.603516	3016.360352	2131.316162
3015.549805	3277.846436	3015.549805	2020.27124	3015.549805	1609.812622	3015.549805	2136.713379
3014.739258	3297.566162	3014.739258	2162.481689	3014.739258	1589.118408	3014.739258	2156.660645
3013.927734	3346.376953	3013.927734	2217.338623	3013.927734	1652.819336	3013.927734	2205.698975
3013.116211	3319.526123	3013.116211	2199.440674	3013.116211	1684.49231	3013.116211	2132.526611
3012.305664	3371.221924	3012.305664	2193.184814	3012.305664	1660.886719	3012.305664	2036.113281
3011.494141	3326.927734	3011.494141	2186.931396	3011.494141	1616.93335	3011.494141	2125.860352
3010.681641	3369.878418	3010.681641	2209.756348	3010.681641	1622.426392	3010.681641	2166.142578
3009.870117	3360.48584	3009.870117	2180.246094	3009.870117	1645.359009	3009.870117	2127.920166
3009.058594	3307.500977	3009.058594	2095.525635	3009.058594	1799.071289	3009.058594	2133.309082
3008.246094	3428.887207	3008.246094	2153.224854	3008.246094	1630.174316	3008.246094	2127.07251
3007.433594	3268.415039	3007.433594	2286.437988	3007.433594	1577.554932	3007.433594	2263.195801
3006.621094	3293.90625	3006.621094	2172.699951	3006.621094	1641.143677	3006.621094	2097.178467
3005.808594	3261.305176	3005.808594	2085.144287	3005.808594	1608.871826	3005.808594	2125.801758
3004.996094	3292.594482	3004.996094	2090.536133	3004.996094	1634.683105	3004.996094	2168.931152
3004.182617	3393.541992	3004.182617	2183.01416	3004.182617	1669.192993	3004.182617	2212.043457
3003.370117	3465.425537	3003.370117	2165.165283	3003.370117	1625.325195	3003.370117	2191.286621
3002.556641	3244.199707	3002.556641	2112.502197	3002.556641	1584.376587	3002.556641	2109.600342
3001.743164	3368.305908	3001.743164	2143.994873	3001.743164	1630.480591	3001.743164	2196.216797
