3750.169922	1729.54541
3749.5	1757.725342
3748.830078	1873.61853
3748.160156	1778.197388
3747.489258	1739.140381
3746.819336	1643.779907
3746.148438	1794.800049
3745.477539	1748.724609
3744.806641	1751.916992
3744.135742	1719.935669
3743.464844	1835.66333
3742.793945	1768.518799
3742.12207	1838.495605
3741.451172	1869.7854
3740.779297	1693.738647
3740.107422	1700.450317
3739.435547	1738.773682
3738.763672	1805.178833
3738.091797	1695.990967
3737.419922	1808.018799
3736.74707	1705.890991
3736.074219	1877.535278
3735.402344	1715.783691
3734.729492	1697.924561
3734.056641	1743.206177
3733.383789	1770.937134
3732.709961	1837.225342
3732.037109	1661.609131
3731.364258	1871.592041
3730.69043	1734.580933
3730.016602	1748.273438
3729.342773	1832.018799
3728.668945	1768.63855
3727.995117	1834.841064
3727.321289	1894.017212
3726.646484	1813.159058
3725.972656	1767.327515
3725.297852	1847.477173
3724.623047	1787.66272
3723.948242	1867.779053
3723.273438	1825.468262
3722.598633	1786.669556
3721.923828	1831.783691
3721.248047	1716.105469
3720.573242	1806.644165
3719.897461	1774.865356
3719.22168	1687.207275
3718.545898	1753.253174
3717.870117	1662.139648
3717.194336	1640.884644
3716.518555	1773.223877
3715.841797	1797.325562
3715.166016	1713.249756
3714.489258	1800.149536
3713.8125	1820.744751
3713.135742	1726.249146
3712.458984	1837.505249
3711.782227	1830.193481
3711.105469	1756.661011
3710.427734	1711.03418
3709.750977	1822.210815
3709.073242	1787.039062
3708.395508	1814.571899
3707.717773	1810.754517
3707.040039	1827.828003
3706.362305	1754.390869
3705.683594	1844.554443
3705.005859	1892.928955
3704.327148	1763.856323
3703.648438	1836.576416
3702.969727	1919.702759
3702.291016	1839.37561
3701.612305	1839.036133
3700.933594	1835.221069
3700.254883	1855.733398
3699.575195	1792.849731
3698.895508	1719.567749
3698.216797	1868.599609
3697.537109	1805.748291
3696.857422	1808.887207
3696.176758	1773.840576
3695.49707	1867.22168
3694.817383	1710.725952
3694.136719	1814.49231
3693.456055	1800.282837
3692.776367	1966.420532
3692.095703	1893.241211
3691.415039	1747.285156
3690.733398	1899.47583
3690.052734	1843.677002
3689.37207	1836.407471
3688.69043	1874.17627
3688.008789	1856.512817
3687.327148	1766.13269
3686.645508	1852.366577
3685.963867	1831.255005
3685.282227	1799.767944
3684.600586	1799.436523
3683.917969	1837.163208
3683.236328	1871.416748
3682.553711	1801.901367
3681.871094	1825.775024
3681.188477	1870.383423
3680.505859	1856.212646
3679.823242	1866.238892
3679.139648	1765.689941
3678.457031	1920.827759
3677.773438	1896.295654
3677.089844	1882.132812
3676.40625	1809.277344
3675.722656	1922.866455
3675.039062	1815.514771
3674.355469	1811.729736
3673.671875	1849.349609
3672.987305	1852.458984
3672.302734	1941.792603
3671.619141	1806.94873
3670.93457	1899.705444
3670.25	1875.226318
3669.564453	1888.667358
3668.879883	1874.536621
3668.195312	1763.945312
3667.509766	1866.95813
3666.824219	1880.390625
3666.138672	1855.941772
3665.453125	1790.189697
3664.767578	1896.563843
3664.082031	1837.711304
3663.396484	1871.781128
3662.709961	1888.637817
3662.024414	1853.895508
3661.337891	1884.504639
3660.651367	1987.305664
3659.964844	1956.001831
3659.27832	1883.465698
3658.591797	1924.355713
3657.904297	1927.437744
3657.217773	1892.732666
3656.530273	1885.515991
3655.842773	1998.485596
3655.155273	1908.855347
3654.467773	1867.313843
3653.780273	1904.721924
3653.092773	1928.391113
3652.405273	2048.110107
3651.716797	1865.941772
3651.02832	1841.593018
3650.34082	1878.971191
3649.652344	1875.197876
3648.962891	1840.578125
3648.274414	1864.228149
3647.585938	1952.968384
3646.897461	2021.122192
3646.208008	1921.425903
3645.518555	2054.623291
3644.829102	2030.279785
3644.139648	1906.674683
3643.450195	1875.521973
3642.760742	2012.051636
3642.071289	1932.993774
3641.380859	2024.994873
3640.691406	2113.542236
3640.000977	1887.477173
3639.310547	1924.736328
3638.620117	1927.800781
3637.929688	1985.543457
3637.238281	1841.671875
3636.547852	1981.397827
3635.857422	2022.020752
3635.166016	1990.914795
3634.474609	1915.43396
3633.783203	1983.355957
3633.091797	1948.86084
3632.400391	1856.367065
3631.708984	2036.852051
3631.016602	2050.122559
3630.325195	1937.19751
3629.632812	2001.630249
3628.94043	2096.723145
3628.248047	2048.616455
3627.555664	1966.446777
3626.863281	2024.011719
3626.169922	1965.724243
3625.477539	1961.956909
3624.78418	2077.38501
3624.091797	2049.763916
3623.398438	1998.322876
3622.705078	1943.496948
3622.010742	2079.261719
3621.317383	2075.477295
3620.624023	2047.88147
3619.929688	1952.272339
3619.236328	2077.733887
3618.541992	2022.953247
3617.847656	2019.182129
3617.15332	2035.804443
3616.458984	2038.828369
3615.763672	1960.312866
3615.069336	2065.253418
3614.374023	2024.119751
3613.679688	2013.561035
3612.984375	2104.85376
3612.289062	2036.580933
3611.59375	2114.26123
3610.897461	1903.503174
3610.202148	2032.065552
3609.506836	1946.896851
3608.810547	2014.362549
3608.114258	2041.116699
3607.417969	2067.86084
3606.72168	2158.992188
3606.025391	2111.15332
3605.329102	1944.75
3604.632812	2069.727783
3603.935547	2079.507568
3603.238281	2001.242554
3602.541016	2014.41687
3601.844727	2074.975586
3601.146484	2044.134888
3600.449219	2003.154419
3599.751953	2127.959961
3599.053711	2161.393066
3598.356445	2086.594971
3597.658203	2092.973633
3596.959961	1987.790039
3596.261719	2115.863281
3595.563477	2162.784912
3594.865234	2098.191162
3594.166992	1952.546265
3593.467773	2158.213623
3592.768555	2113.917236
3592.070312	2120.280518
3591.371094	2116.514648
3590.671875	1987.875
3589.972656	2065.119873
3589.272461	2037.749634
3588.573242	2081.225098
3587.873047	1966.176514
3587.172852	2198.475098
3586.473633	2147.501221
3585.773438	2012.279663
3585.073242	1991.688843
3584.37207	2068.818359
3583.671875	2088.650146
3582.97168	2158.99707
3582.270508	2067.675293
3581.569336	2228.906982
3580.868164	2103.942871
3580.166992	2147.309326
3579.46582	2093.07251
3578.764648	2146.518066
3578.0625	2203.307373
3577.361328	2149.090088
3576.65918	2165.506836
3575.957031	2249.156982
3575.254883	2151.263184
3574.552734	2130.702148
3573.850586	2096.708252
3573.148438	2019.053345
3572.445312	2226.930908
3571.743164	2166.071777
3571.040039	2182.460449
3570.336914	2232.413086
3569.633789	2218.575684
3568.930664	2194.676025
3568.227539	2157.364502
3567.523438	2210.638916
3566.820312	2126.383057
3566.116211	2156.17041
3565.412109	2142.361816
3564.708008	2071.572998
3564.003906	2191.842529
3563.299805	2117.719971
3562.595703	2130.729736
3561.890625	2177.230469
3561.185547	2113.197998
3560.481445	2233.348389
3559.776367	2075.592529
3559.071289	2199.05249
3558.366211	2201.992676
3557.660156	2221.661133
3556.955078	2181.107666
3556.249023	2100.43335
3555.543945	2126.797363
3554.837891	2230.049805
3554.131836	2126.01123
3553.425781	2259.304932
3552.719727	2165.323975
3552.012695	2235.083252
3551.306641	2241.350586
3550.599609	2260.974365
3549.893555	2173.740234
3549.186523	2213.399658
3548.479492	2186.287598
3547.772461	2199.231934
3547.064453	2235.527832
3546.357422	2145.04248
3545.649414	2271.389893
3544.942383	2180.930908
3544.234375	2223.871094
3543.526367	2290.129883
3542.818359	2236.379639
3542.110352	2252.626953
3541.401367	2232.219727
3540.693359	2298.42749
3539.984375	2334.636719
3539.275391	2297.576172
3538.566406	2363.734863
3537.857422	2203.524658
3537.148438	2302.955566
3536.439453	2259.273193
3535.730469	2255.527832
3535.020508	2251.783691
3534.310547	2294.5979
3533.600586	2390.594238
3532.890625	2257.180176
3532.180664	2319.911133
3531.470703	2352.711182
3530.760742	2219.37793
3530.049805	2285.402344
3529.339844	2195.306396
3528.628906	2234.74585
3527.917969	2343.889893
3527.207031	2300.303467
3526.496094	2250.095703
3525.78418	2352.539307
3525.073242	2302.340332
3524.361328	2291.962158
3523.650391	2337.964355
3522.938477	2204.904297
3522.226562	2257.535156
3521.514648	2303.517578
3520.801758	2309.717285
3520.089844	2305.975098
3519.376953	2312.171631
3518.665039	2281.934326
3517.952148	2354.359619
3517.239258	2353.921875
3516.526367	2310.453125
3515.813477	2313.333008
3515.099609	2286.431641
3514.386719	2305.855957
3513.672852	2348.426514
3512.958984	2427.358154
3512.246094	2403.761719
3511.532227	2423.14917
3510.817383	2336.763672
3510.103516	2333.02417
3509.389648	2345.805664
3508.674805	2262.7854
3507.959961	2361.445801
3507.246094	2460.069092
3506.53125	2446.405029
3505.81543	2333.719482
3505.100586	2392.689453
3504.385742	2392.243652
3503.669922	2372.003662
3502.955078	2308.891602
3502.239258	2499.733887
3501.523438	2433.323975
3500.807617	2340.566406
3500.091797	2448.896484
3499.375	2468.211914
3498.65918	2457.867188
3497.942383	2437.644043
3497.225586	2440.482666
3496.508789	2446.613037
3495.791992	2498.832764
3495.075195	2383.158447
3494.358398	2356.385254
3493.640625	2477.690918
3492.923828	2483.807861
3492.206055	2542.549561
3491.488281	2463.148682
3490.770508	2377.201416
3490.052734	2449.079102
3489.334961	2376.313232
3488.616211	2398.871826
3487.898438	2454.2771
3487.179688	2374.980713
3486.460938	2404.095215
3485.742188	2416.780518
3485.023438	2373.648682
3484.304688	2507.784668
3483.585938	2379.324463
3482.866211	2464.190674
3482.147461	2509.657959
3481.427734	2555.10791
3480.708008	2511.997803
3479.988281	2442.673584
3479.268555	2520.891602
3478.547852	2412.26123
3477.828125	2490.455322
3477.107422	2516.199219
3476.386719	2433.835449
3475.666992	2482.505615
3474.946289	2583.548584
3474.224609	2514.313477
3473.503906	2412.371826
3472.783203	2336.649414
3472.061523	2395.107178
3471.339844	2496.071289
3470.619141	2596.99707
3469.897461	2459.162842
3469.174805	2569.866211
3468.453125	2464.777832
3467.731445	2539.486572
3467.008789	2581.490234
3466.286133	2502.595215
3465.564453	2524.990479
3464.841797	2442.869629
3464.119141	2517.511719
3463.395508	2556.214355
3462.672852	2529.621826
3461.949219	2529.14624
3461.226562	2561.299072
3460.50293	2635.8479
3459.779297	2615.782715
3459.055664	2510.940186
3458.332031	2526.769531
3457.607422	2366.567139
3456.883789	2525.818848
3456.15918	2505.79248
3455.43457	2524.868408
3454.709961	2527.650391
3453.985352	2445.757812
3453.260742	2552.74707
3452.536133	2425.304199
3451.810547	2450.885986
3451.085938	2495.983154
3450.360352	2570.345947
3449.634766	2563.355469
3448.90918	2543.358154
3448.183594	2507.109375
3447.458008	2532.645752
3446.731445	2470.407959
3446.005859	2590.189209
3445.279297	2586.451416
3444.552734	2706.165283
3443.826172	2656.93335
3443.099609	2565.502686
3442.37207	2558.524902
3441.645508	2512.594238
3440.917969	2551.067627
3440.191406	2608.996094
3439.463867	2605.259033
3438.736328	2624.229492
3438.008789	2539.411133
3437.280273	2571.356934
3436.552734	2570.87085
3435.824219	2644.935791
3435.09668	2573.139648
3434.368164	2549.972412
3433.639648	2517.094971
3432.911133	2464.796631
3432.181641	2590.623291
3431.453125	2450.91333
3430.723633	2541.086914
3429.995117	2615.044189
3429.265625	2643.671631
3428.536133	2626.994873
3427.806641	2574.743896
3427.077148	2661.57373
3426.34668	2690.169922
3425.617188	2608.841309
3424.886719	2588.953857
3424.15625	2455.969971
3423.425781	2516.89209
3422.695312	2619.784912
3421.964844	2612.828857
3421.233398	2538.064209
3420.50293	2576.324463
3419.771484	2517.734131
3419.040039	2555.983398
3418.308594	2542.591553
3417.577148	2600.17749
3416.845703	2557.753418
3416.114258	2647.562256
3415.381836	2595.472412
3414.649414	2575.637939
3413.917969	2549.364746
3413.185547	2626.216797
3412.453125	2551.617676
3411.719727	2438.393311
3410.987305	2553.868164
3410.253906	2537.282959
3409.521484	2549.677734
3408.788086	2507.349854
3408.054688	2651.685791
3407.321289	2590.049561
3406.587891	2547.737793
3405.853516	2646.956055
3405.120117	2701.117432
3404.385742	2626.658203
3403.651367	2574.727539
3402.916992	2632.085205
3402.182617	2650.862793
3401.448242	2528.280518
3400.712891	2624.156982
3399.978516	2578.698242
3399.243164	2645.631836
3398.507812	2690.068848
3397.772461	2599.689941
3397.037109	2518.972168
3396.301758	2653.23877
3395.566406	2594.994629
3394.830078	2549.60083
3394.09375	2536.288574
3393.358398	2548.627686
3392.62207	2551.346191
3391.885742	2666.224365
3391.148438	2636.879395
3390.412109	2706.849854
3389.674805	2770.387939
3388.938477	2676.996094
3388.201172	2561.229248
3387.463867	2483.917236
3386.726562	2557.049561
3385.988281	2562.959961
3385.250977	2572.067139
3384.512695	2680.323242
3383.775391	2686.206055
3383.037109	2497.054199
3382.298828	2560.509033
3381.560547	2598.371338
3380.821289	2505.206543
3380.083008	2619.739746
3379.34375	2616.043945
3378.605469	2506.960938
3377.866211	2640.585449
3377.126953	2589.001709
3376.387695	2719.366943
3375.647461	2670.97876
3374.908203	2635.37085
3374.167969	2468.990234
3373.428711	2592.89917
3372.688477	2528.628174
3371.948242	2547.271484
3371.208008	2616.906738
3370.466797	2574.975342
3369.726562	2561.736084
3368.985352	2535.759277
3368.244141	2579.862549
3367.503906	2630.317627
3366.761719	2502.460693
3366.020508	2403.30127
3365.279297	2466.490723
3364.537109	2631.478516
3363.795898	2618.247314
3363.053711	2506.418213
3362.311523	2715.824219
3361.569336	2613.557617
3360.827148	2648.022705
3360.084961	2555.343018
3359.341797	2538.962891
3358.598633	2656.025635
3357.856445	2468.103516
3357.113281	2556.552002
3356.370117	2533.833008
3355.625977	2590.488037
3354.882812	2542.37915
3354.138672	2516.501953
3353.395508	2560.436035
3352.651367	2502.843506
3351.907227	2502.361084
3351.163086	2495.536865
3350.417969	2577.484375
3349.673828	2478.72583
3348.929688	2554.306396
3348.18457	2509.45459
3347.439453	2540.64917
3346.694336	2457.80957
3345.949219	2666.335205
3345.204102	2593.001221
3344.458008	2573.507812
3343.711914	2573.010742
3342.966797	2585.170654
3342.220703	2565.689697
3341.474609	2426.021729
3340.728516	2536.236572
3339.981445	2532.584717
3339.235352	2563.706787
3338.488281	2471.554932
3337.741211	2452.117188
3336.995117	2508.510986
3336.24707	2561.723877
3335.5	2551.753906
3334.75293	2406.015137
3334.004883	2560.237061
3333.257812	2430.333984
3332.509766	2511.910645
3331.761719	2599.765869
3331.013672	2640.27002
3330.265625	2541.989746
3329.516602	2538.343994
3328.768555	2399.137207
3328.019531	2650.832275
3327.270508	2413.964355
3326.521484	2574.186035
3325.772461	2564.236328
3325.023438	2500.747803
3324.273438	2449.879639
3323.524414	2632.007812
3322.774414	2562.24707
3322.024414	2577.485352
3321.274414	2545.52002
3320.524414	2589.068359
3319.773438	2604.291992
3319.023438	2531.458984
3318.272461	2512.103027
3317.521484	2574.483887
3316.771484	2507.984131
3316.019531	2435.225586
3315.268555	2494.442871
3314.517578	2456.265869
3313.765625	2392.980469
3313.014648	2568.343018
3312.262695	2542.72998
3311.510742	2567.343994
3310.758789	2457.016113
3310.005859	2469.087402
3309.253906	2521.931396
3308.500977	2374.042725
3307.749023	2502.136475
3306.996094	2517.32373
3306.243164	2535.639404
3305.490234	2541.412842
3304.736328	2453.191895
3303.983398	2537.290283
3303.229492	2430.312988
3302.475586	2451.758057
3301.72168	2495.108887
3300.967773	2478.972168
3300.213867	2419.030273
3299.459961	2481.134277
3298.705078	2477.522217
3297.950195	2308.149902
3297.196289	2479.682373
3296.441406	2504.209473
3295.685547	2366.187988
3294.930664	2378.226562
3294.175781	2505.867676
3293.419922	2589.724121
3292.664062	2448.669678
3291.908203	2391.98291
3291.152344	2547.619629
3290.396484	2531.514404
3289.640625	2368.734863
3288.883789	2440.037842
3288.12793	2402.125
3287.371094	2476.512207
3286.614258	2507.212158
3285.857422	2388.244873
3285.100586	2453.239014
3284.342773	2496.391357
3283.585938	2452.279053
3282.828125	2429.991455
3282.070312	2457.548828
3281.3125	2419.697998
3280.554688	2381.861572
3279.796875	2546.380859
3279.038086	2418.276611
3278.279297	2473.813965
3277.521484	2467.107178
3276.762695	2432.408203
3276.003906	2472.360107
3275.244141	2478.093994
3274.485352	2502.477539
3273.725586	2430.501709
3272.966797	2604.042236
3272.207031	2497.898926
3271.447266	2553.321289
3270.6875	2403.750488
3269.926758	2434.329102
3269.166992	2306.570801
3268.40625	2451.996338
3267.646484	2470.134277
3266.885742	2416.905518
3266.125	2500.184082
3265.363281	2353.929443
3264.602539	2545.713379
3263.841797	2349.904541
3263.080078	2563.310547
3262.318359	2528.71875
3261.556641	2512.730225
3260.794922	2521.529541
3260.033203	2462.188965
3259.270508	2405.968262
3258.508789	2405.495117
3257.746094	2417.40332
3256.983398	2382.886475
3256.220703	2484.521484
3255.458008	2289.145752
3254.694336	2393.851807
3253.931641	2541.807373
3253.167969	2439.283691
3252.404297	2367.710449
3251.640625	2531.0354
3250.876953	2511.998291
3250.113281	2576.376465
3249.348633	2470.857422
3248.584961	2470.37085
3247.820312	2429.748535
3247.055664	2472.484131
3246.291016	2484.341553
3245.526367	2351.174072
3244.760742	2366.135254
3243.996094	2544.558838
3243.230469	2491.634277
3242.464844	2444.896484
3241.699219	2453.661621
3240.933594	2499.406006
3240.167969	2498.912842
3239.402344	2415.241943
3238.635742	2368.564453
3237.869141	2472.79834
3237.102539	2466.152588
3236.335938	2437.96167
3235.569336	2483.644531
3234.802734	2372.381592
3234.035156	2411.906494
3233.267578	2463.71875
3232.500977	2481.683105
3231.732422	2388.955322
3230.964844	2499.146484
3230.197266	2308.103516
3229.429688	2470.50415
3228.661133	2448.510498
3227.892578	2487.956787
3227.124023	2278.640625
3226.355469	2419.425537
3225.586914	2379.040771
3224.817383	2485.989502
3224.048828	2488.566162
3223.279297	2497.277588
3222.509766	2533.591064
3221.740234	2465.622559
3220.970703	2413.01123
3220.201172	2366.55127
3219.430664	2326.239502
3218.661133	2347.22876
3217.890625	2453.992188
3217.120117	2398.371338
3216.349609	2511.207031
3215.578125	2455.596436
3214.807617	2488.783447
3214.036133	2353.622803
3213.265625	2451.077148
3212.494141	2478.126221
3211.722656	2453.164795
3210.951172	2461.853027
3210.178711	2332.946045
3209.407227	2454.763184
3208.634766	2390.092529
3207.862305	2352.949219
3207.089844	2401.365234
3206.317383	2437.543701
3205.544922	2354.603271
3204.771484	2430.470215
3203.999023	2371.985596
3203.225586	2539.382812
3202.452148	2441.229736
3201.678711	2480.407471
3200.904297	2321.298096
3200.130859	2406.229492
3199.356445	2478.930664
3198.583008	2408.322754
3197.808594	2349.934326
3197.03418	2550.589355
3196.259766	2531.802734
3195.484375	2439.916992
3194.709961	2384.61377
3193.93457	2329.332031
3193.15918	2474.994385
3192.383789	2444.065918
3191.608398	2327.943848
3190.833008	2266.63208
3190.056641	2296.600098
3189.28125	2329.597168
3188.504883	2307.849609
3187.728516	2319.550781
3186.952148	2388.996582
3186.175781	2452.336914
3185.398438	2415.390625
3184.62207	2414.910156
3183.844727	2484.28125
3183.067383	2410.913086
3182.290039	2316.323242
3181.512695	2264.263916
3180.734375	2324.505371
3179.957031	2430.232666
3179.178711	2390.314697
3178.400391	2408.035889
3177.62207	2164.981445
3176.84375	2300.97168
3176.06543	2421.752686
3175.286133	2272.782227
3174.507812	2448.056396
3173.728516	2432.422852
3172.949219	2319.881592
3172.169922	2322.44751
3171.390625	2237.21875
3170.610352	2297.308105
3169.831055	2339.216553
3169.050781	2350.852783
3168.270508	2432.057861
3167.490234	2238.015137
3166.709961	2295.020264
3165.928711	2339.909912
3165.148438	2345.488525
3164.367188	2357.108643
3163.585938	2341.531982
3162.804688	2374.293213
3162.023438	2388.92041
3161.242188	2261.624023
3160.459961	2300.418945
3159.678711	2345.235107
3158.896484	2293.466064
3158.114258	2341.282471
3157.332031	2343.832031
3156.548828	2382.571289
3155.766602	2243.391602
3154.983398	2306.25293
3154.201172	2260.581055
3153.417969	2181.778809
3152.633789	2250.640137
3151.850586	2412.855469
3151.067383	2219.625
3150.283203	2354.681396
3149.499023	2306.043457
3148.71582	2203.246338
3147.931641	2184.750732
3147.146484	2292.627686
3146.362305	2222.983643
3145.577148	2291.712158
3144.792969	2288.247803
3144.007812	2308.834717
3143.222656	2266.293945
3142.4375	2340.96875
3141.651367	2253.37085
3140.866211	2331.021973
3140.080078	2255.473877
3139.293945	2104.888672
3138.507812	2209.541504
3137.72168	2317.153809
3136.935547	2157.643311
3136.148438	2112.207764
3135.362305	2306.766113
3134.575195	2249.322266
3133.788086	2230.881836
3133.000977	2281.400146
3132.213867	2259.963135
3131.425781	2175.60376
3130.638672	2286.024658
3129.850586	2291.558594
3129.0625	2297.090332
3128.274414	2254.710938
3127.486328	2161.455322
3126.697266	2229.864746
3125.90918	2166.576172
3125.120117	2312.746582
3124.331055	2300.318848
3123.541992	2275.933105
3122.75293	2305.37915
3121.962891	2173.379395
3121.173828	2181.911621
3120.383789	2259.171631
3119.59375	2201.952881
3118.803711	2276.190674
3118.013672	2302.614258
3117.223633	2182.716309
3116.432617	2224.074463
3115.642578	2244.522705
3114.851562	2235.121338
3114.060547	2183.954102
3113.269531	2210.36377
3112.477539	2206.939209
3111.686523	2269.114502
3110.894531	2068.922852
3110.102539	2146.003662
3109.310547	2276.692627
3108.518555	2204.732178
3107.726562	2192.375977
3106.93457	2191.9375
3106.141602	2242.117676
3105.348633	2220.830078
3104.555664	2169.787109
3103.762695	2145.546631
3102.969727	2198.670898
3102.175781	2156.586426
3101.382812	2144.258789
3100.588867	2265.739502
3099.794922	2247.449219
3099.000977	2211.332764
3098.207031	2181.174072
3097.413086	2130.22998
3096.618164	2144.655762
	
	
	
	
	
	
	
	
	
	
	
	
	
	
	
	
	
	
	
	
	
	
	
	
	
	
	
	
	
	
	
	
	
	
	
	
	
	
	
	
	
	
	
	
	
	
	
	
	
	
	
	
	
	
	
	
	
	
	
	
	
	
	
	
	
	
	
	
	
	
	
	
	
	
	
	
	
	
	
	
	
	
	
	
	
	
	
	
	
	
	
	
	
	
3020.411133	2145.10083
3019.601562	2130.103271
3018.791992	2193.772705
3017.981445	2202.073486
3017.170898	2166.687744
3016.360352	2099.28833
3015.549805	2113.425049
3014.739258	2142.108398
3013.927734	2144.591309
3013.116211	2144.163818
3012.305664	2184.45874
3011.494141	2221.829346
3010.681641	2145.789551
3009.870117	2151.176025
3009.058594	2217.594971
3008.246094	2254.929199
3007.433594	2152.796143
3006.621094	2134.939209
3005.808594	2204.212402
3004.996094	2247.326416
3004.182617	2159.790527
3003.370117	2237.724365
3002.556641	2141.52002
3001.743164	2178.80957
