3750.169922	1771.815308	3750.169922	1782.382812	3750.169922	1571.033081	3750.169922	1863.400269
3749.5	1821.130249	3749.5	1821.130249	3749.5	1704.887939	3749.5	1796.472778
3748.830078	1877.140381	3748.830078	1831.356445	3748.830078	1694.004639	3748.830078	1820.790894
3748.160156	1679.60437	3748.160156	1725.379639	3748.160156	1514.108765	3748.160156	1823.972778
3747.489258	1718.017212	3747.489258	1841.235718	3747.489258	1520.867676	3747.489258	1936.289917
3746.819336	1833.853027	3746.819336	1742.336304	3746.819336	1633.220337	3746.819336	1900.730591
3746.148438	1713.858154	3746.148438	1727.935059	3746.148438	1689.223633	3746.148438	1829.99231
3745.477539	1657.242065	3745.477539	1745.206055	3745.477539	1667.797729	3745.477539	1815.577271
3744.806641	1607.682861	3744.806641	1783.578125	3744.806641	1540.842651	3744.806641	1875.043701
3744.135742	1716.418457	3744.135742	1818.418701	3744.135742	1653.10791	3744.135742	1836.005005
3743.464844	1673.899902	3743.464844	1744.231812	3743.464844	1578.951782	3743.464844	1849.729736
3742.793945	1663.040649	3742.793945	1754.455078	3742.793945	1631.397095	3742.793945	1870.481201
3742.12207	1722.491089	3742.12207	1736.552246	3742.12207	1743.582886	3742.12207	1947.469604
3741.451172	1750.287842	3741.451172	1792.463379	3741.451172	1704.597534	3741.451172	1824.095093
3740.779297	1778.074219	3740.779297	1662.112793	3740.779297	1514.525635	3740.779297	1830.783936
3740.107422	1753.150269	3740.107422	1721.530273	3740.107422	1654.7771	3740.107422	1851.523438
3739.435547	1686.083496	3739.435547	1805.514526	3739.435547	1573.677979	3739.435547	1872.255249
3738.763672	1815.714966	3738.763672	1734.938477	3738.763672	1604.993652	3738.763672	1720.890381
3738.091797	1695.990967	3738.091797	1843.468506	3738.091797	1615.229492	3738.091797	1759.195557
3737.419922	1723.761597	3737.419922	1779.932983	3737.419922	1653.547241	3737.419922	1836.104492
3736.74707	1723.441284	3736.74707	1884.904297	3736.74707	1586.548828	3736.74707	1930.535156
3736.074219	1744.177734	3736.074219	1789.800049	3736.074219	1537.122437	3736.074219	1852.969482
3735.402344	1733.327515	3735.402344	1722.801147	3735.402344	1663.152222	3735.402344	1933.326782
3734.729492	1771.594849	3734.729492	1715.465088	3734.729492	1617.238037	3734.729492	1838.248901
3734.056641	1729.176392	3734.056641	1701.116699	3734.056641	1585.370605	3734.056641	1908.056763
3733.383789	1753.403076	3733.383789	1665.73291	3733.383789	1592.089966	3733.383789	1802.498291
3732.709961	1795.151489	3732.709961	1826.706909	3732.709961	1661.917603	3732.709961	1868.780762
3732.037109	1749.246826	3732.037109	1763.268799	3732.037109	1598.510132	3732.037109	1833.378906
3731.364258	1685.834839	3731.364258	1829.533813	3731.364258	1678.825073	3731.364258	1924.164917
3730.69043	1692.530518	3730.69043	1832.698608	3730.69043	1734.580933	3730.69043	1829.194458
3730.016602	1814.840942	3730.016602	1692.216553	3730.016602	1636.159668	3730.016602	1776.301758
3729.342773	1723.428833	3729.342773	1747.949097	3729.342773	1607.833008	3729.342773	1870.550781
3728.668945	1751.127319	3728.668945	1772.140747	3728.668945	1540.991943	3728.668945	1810.665527
3727.995117	1677.268921	3727.995117	1883.863525	3727.995117	1614.23999	3727.995117	1841.84436
3727.321289	1785.487549	3727.321289	1792.489502	3727.321289	1606.938843	3727.321289	1869.510498
3726.646484	1697.648926	3726.646484	1785.156616	3726.646484	1645.144287	3726.646484	1708.149902
3725.972656	1683.335693	3725.972656	1679.83606	3725.972656	1564.34729	3725.972656	1865.317871
3725.297852	1773.998047	3725.297852	1732.009888	3725.297852	1620.041626	3725.297852	1906.960327
3724.623047	1826.144775	3724.623047	1812.151245	3724.623047	1647.728271	3724.623047	1805.154541
3723.948242	1783.833862	3723.948242	1748.856689	3723.948242	1612.445923	3723.948242	1969.212646
3723.273438	1738.041626	3723.273438	1762.521118	3723.273438	1619.141357	3723.273438	1856.941895
3722.598633	1765.69104	3722.598633	1772.68396	3722.598633	1580.380859	3722.598633	1800.655273
3721.923828	1737.397949	3721.923828	1768.859863	3721.923828	1590.575562	3721.923828	1821.296387
3721.248047	1723.095703	3721.248047	1779.0177	3721.248047	1656.688477	3721.248047	1789.503052
3720.573242	1677.348633	3720.573242	1680.843018	3720.573242	1656.381714	3720.573242	1914.9729
3719.897461	1795.828247	3719.897461	1704.98877	3719.897461	1656.075073	3719.897461	1862.21106
3719.22168	1792.002686	3719.22168	1725.632202	3719.22168	1599.877686	3719.22168	1956.182373
3718.545898	1732.297974	3718.545898	1795.163696	3718.545898	1519.253296	3718.545898	1840.56665
3717.870117	1798.323364	3717.870117	1756.420654	3717.870117	1581.826172	3717.870117	1979.901611
3717.194336	1647.867188	3717.194336	1836.394409	3717.194336	1585.02478	3717.194336	1892.254272
3716.518555	1832.564087	3716.518555	1839.545288	3716.518555	1633.599976	3716.518555	1839.545288
3715.841797	1786.855713	3715.841797	1828.735107	3715.841797	1549.53894	3715.841797	1769.405884
3715.166016	1758.61084	3715.166016	1636.484985	3715.166016	1608.570557	3715.166016	1845.843506
3714.489258	1709.444336	3714.489258	1733.86499	3714.489258	1583.852539	3714.489258	1828.058838
3713.8125	1744.008423	3713.8125	1723.080322	3713.8125	1587.047607	3713.8125	1834.696899
3713.135742	1795.996582	3713.135742	1785.534424	3713.135742	1621.62793	3713.135742	1886.668213
3712.458984	1708.496338	3712.458984	1767.770752	3712.458984	1621.328247	3712.458984	1771.257446
3711.782227	1816.249146	3711.782227	1746.527466	3711.782227	1572.223389	3711.782227	1784.87439
3711.105469	1840.311646	3711.105469	1721.806641	3711.105469	1610.272705	3711.105469	1899.564087
3710.427734	1728.45813	3710.427734	1777.245239	3710.427734	1714.518921	3710.427734	2000.272095
3709.750977	1801.305908	3709.750977	1870.988892	3709.750977	1609.677612	3709.750977	1874.473022
3709.073242	1720.852417	3709.073242	1752.203979	3709.073242	1553.644165	3709.073242	1877.610229
3708.395508	1779.743286	3708.395508	1664.808716	3708.395508	1689.188843	3708.395508	1894.677734
3707.717773	1810.754517	3707.717773	1758.52124	3707.717773	1626.196777	3707.717773	1810.754517
3707.040039	1855.680542	3707.040039	1705.972778	3707.040039	1622.414917	3707.040039	1859.162109
3706.362305	1674.329346	3706.362305	1824.009521	3706.362305	1538.572876	3706.362305	1820.528564
3705.683594	1830.633301	3705.683594	1764.50769	3705.683594	1580.052246	3705.683594	1948.963135
3705.005859	1767.661621	3705.005859	1910.327271	3705.005859	1614.557129	3705.005859	1885.969727
3704.327148	1816.041382	3704.327148	1732.545288	3704.327148	1614.259033	3704.327148	1909.974609
3703.648438	1847.011475	3703.648438	1697.441772	3703.648438	1617.439453	3703.648438	1805.271118
3702.969727	1801.460205	3702.969727	1794.504761	3702.969727	1658.873535	3702.969727	1797.982422
3702.291016	1769.833984	3702.291016	1714.200684	3702.291016	1589.025757	3702.291016	1940.210938
3701.612305	1599.161865	3701.612305	1752.125244	3701.612305	1633.92627	3701.612305	1828.606812
3700.933594	1838.696777	3700.933594	1922.115967	3700.933594	1689.237549	3700.933594	1904.736938
3700.254883	1800.130859	3700.254883	1800.130859	3700.254883	1577.720825	3700.254883	1893.960083
3699.575195	1737.257568	3699.575195	1768.528198	3699.575195	1699.037842	3699.575195	1994.371582
3698.895508	1743.884766	3698.895508	1858.522705	3698.895508	1591.034302	3698.895508	1959.265015
3698.216797	1747.036377	3698.216797	1861.653076	3698.216797	1656.7323	3698.216797	1854.706665
3697.537109	1847.419434	3697.537109	1826.583862	3697.537109	1604.337891	3697.537109	1892.56311
3696.857422	1739.44812	3696.857422	1798.471313	3696.857422	1586.682251	3696.857422	1916.5177
3696.176758	1721.770874	3696.176758	1756.484009	3696.176758	1558.619141	3696.176758	1850.209473
3695.49707	1724.924072	3695.49707	1763.10144	3695.49707	1568.743896	3695.49707	1988.69519
3694.817383	1731.546143	3694.817383	1759.306396	3694.817383	1724.606079	3694.817383	1852.997314
3694.136719	1713.880005	3694.136719	1828.369995	3694.136719	1616.736938	3694.136719	1932.45166
3693.456055	1692.751587	3693.456055	1717.032837	3693.456055	1592.157715	3693.456055	1907.814209
3692.776367	1765.269897	3692.776367	1845.036499	3692.776367	1640.417847	3692.776367	1883.185791
3692.095703	1737.204834	3692.095703	1803.086792	3692.095703	1688.660156	3692.095703	1927.915894
3691.415039	1764.619385	3691.415039	1691.815796	3691.415039	1785.42041	3691.415039	1868.62439
3690.733398	1826.685791	3690.733398	1861.347656	3690.733398	1677.639282	3690.733398	1913.340698
3690.052734	1770.900269	3690.052734	1871.401367	3690.052734	1770.900269	3690.052734	1885.263672
3689.37207	1812.152954	3689.37207	1819.082886	3689.37207	1607.722778	3689.37207	1867.591675
3688.69043	1825.67627	3688.69043	1832.604858	3688.69043	1586.640869	3688.69043	1853.390503
3688.008789	1821.876343	3688.008789	1797.630859	3688.008789	1524.003052	3688.008789	1915.394653
3687.327148	1814.614746	3687.327148	1908.115845	3687.327148	1520.259277	3687.327148	1897.726807
3686.645508	1803.893433	3686.645508	1845.441772	3686.645508	1530.366333	3686.645508	1886.990234
3685.963867	1793.176025	3685.963867	1924.72168	3685.963867	1703.171021	3685.963867	1962.800781
3685.282227	1689.013062	3685.282227	1851.684326	3685.282227	1720.162842	3685.282227	1965.900391
3684.600586	1861.724731	3684.600586	1854.803833	3684.600586	1633.334717	3684.600586	1771.75293
3683.917969	1743.748169	3683.917969	1767.966797	3683.917969	1594.975952	3683.917969	1895.980103
3683.236328	1836.824951	3683.236328	1881.794312	3683.236328	1650.029175	3683.236328	1836.824951
3682.553711	1871.072266	3682.553711	1791.525757	3682.553711	1705.062134	3682.553711	1808.818481
3681.871094	1822.317139	3681.871094	1843.064575	3681.871094	1566.432007	3681.871094	1932.970093
3681.188477	1763.208008	3681.188477	1780.494385	3681.188477	1673.31897	3681.188477	1901.498901
3680.505859	1883.865723	3680.505859	1908.062134	3680.505859	1666.097656	3680.505859	1932.258545
3679.823242	1804.031006	3679.823242	1779.838989	3679.823242	1731.455078	3679.823242	1924.990967
3679.139648	1910.815186	3679.139648	1865.895508	3679.139648	1624.020142	3679.139648	1893.53833
3678.457031	1751.546143	3678.457031	1758.455566	3678.457031	1751.546143	3678.457031	1976.103271
3677.773438	1761.58606	3677.773438	1879.025146	3677.773438	1706.320679	3677.773438	1899.749634
3677.089844	1844.144775	3677.089844	1816.517212	3677.089844	1654.204834	3677.089844	1871.772461
3676.40625	1778.201904	3676.40625	1774.749146	3676.40625	1598.655396	3676.40625	1947.390137
3675.722656	1764.06604	3675.722656	1871.08374	3675.722656	1705.378906	3675.722656	1912.509888
3675.039062	1708.516724	3675.039062	1818.966309	3675.039062	1674.001221	3675.039062	1846.578613
3674.355469	1804.828003	3674.355469	1953.217285	3674.355469	1511.500244	3674.355469	2073.999268
3673.671875	1863.150757	3673.671875	1814.846802	3673.671875	1656.133911	3673.671875	1901.10376
3672.987305	1745.52002	3672.987305	1814.512939	3672.987305	1797.264771	3672.987305	1897.304443
3672.302734	1821.077148	3672.302734	1872.812378	3672.302734	1631.381714	3672.302734	1845.220215
3671.619141	1848.329224	3671.619141	1793.155273	3671.619141	1689.703979	3671.619141	1813.845459
3670.93457	1844.541504	3670.93457	1875.571289	3670.93457	1665.259033	3670.93457	1841.093872
3670.25	1802.837036	3670.25	1837.308105	3670.25	1671.846924	3670.25	1951.062622
3669.564453	1854.202637	3669.564453	1878.327881	3669.564453	1692.218384	3669.564453	1930.025024
3668.879883	1843.524048	3668.879883	1805.619873	3668.879883	1657.44873	3668.879883	1953.790894
3668.195312	1788.061768	3668.195312	1781.171387	3668.195312	1650.25354	3668.195312	1929.315186
3667.509766	1787.733032	3667.509766	1877.29187	3667.509766	1705.063232	3667.509766	1970.295288
3666.824219	1780.516357	3666.824219	1932.049683	3666.824219	1670.310425	3666.824219	1935.493652
3666.138672	1824.952026	3666.138672	1852.498413	3666.138672	1635.57019	3666.138672	2014.333862
3665.453125	1807.403076	3665.453125	1910.68335	3665.453125	1700.680298	3665.453125	1927.896606
3664.767578	1903.447998	3664.767578	1841.491211	3664.767578	1579.89624	3664.767578	1872.469604
3664.082031	1841.15271	3664.082031	1882.449585	3664.082031	1658.758057	3664.082031	2006.34021
3663.396484	1913.070435	3663.396484	1899.307373	3663.396484	1741.031738	3663.396484	1981.885986
3662.709961	1754.47229	3662.709961	1833.595581	3662.709961	1702.870117	3662.709961	1943.680054
3662.024414	1791.984375	3662.024414	1840.137451	3662.024414	1640.645996	3662.024414	1819.500488
3661.337891	1846.677002	3661.337891	1850.115845	3661.337891	1698.805298	3661.337891	1953.282227
3660.651367	1849.775757	3660.651367	1939.170166	3660.651367	1585.031006	3660.651367	1983.867432
3659.964844	1911.312866	3659.964844	1873.499146	3659.964844	1660.367065	3659.964844	1887.249512
3659.27832	1842.221924	3659.27832	1897.213623	3659.27832	1584.448364	3659.27832	1904.087646
3658.591797	1780.029053	3658.591797	1917.483032	3658.591797	1656.320435	3658.591797	1941.537476
3657.904297	1793.444824	3657.904297	1920.566406	3657.904297	1693.80896	3657.904297	2068.302246
3657.217773	1854.946777	3657.217773	1878.99231	3657.217773	1734.71875	3657.217773	2040.441406
3656.530273	1837.433594	3656.530273	1792.785645	3656.530273	1724.096558	3656.530273	2070.976562
3655.842773	1905.772339	3655.842773	1874.86792	3655.842773	1720.345947	3655.842773	1940.110596
3655.155273	1929.454468	3655.155273	1853.924316	3655.155273	1637.633057	3655.155273	2042.749878
3654.467773	1877.611572	3654.467773	1881.044067	3654.467773	1702.550903	3654.467773	2011.481445
3653.780273	1853.243042	3653.780273	1884.130371	3653.780273	1681.646362	3653.780273	1990.520264
3653.092773	1753.394775	3653.092773	2041.624023	3653.092773	1719.081665	3653.092773	1979.860596
3652.405273	1804.532593	3652.405273	2010.372803	3652.405273	1739.349854	3652.405273	1955.482056
3651.716797	1883.091919	3651.716797	1955.122803	3651.716797	1831.641357	3651.716797	1979.133057
3651.02832	1865.598877	3651.02832	1937.616455	3651.02832	1711.275391	3651.02832	1961.622314
3650.34082	1940.689209	3650.34082	1916.687744	3650.34082	1632.099121	3650.34082	2077.840332
3649.652344	1751.784424	3649.652344	1912.907471	3649.652344	1669.508911	3649.652344	1912.907471
3648.962891	1823.440552	3648.962891	1888.563354	3648.962891	1693.194702	3648.962891	2015.381592
3648.274414	1812.824829	3648.274414	1816.251709	3648.274414	1754.567749	3648.274414	2038.999512
3647.585938	1891.295776	3647.585938	1973.526001	3647.585938	1654.883789	3647.585938	1812.491821
3646.897461	1866.968872	3646.897461	1860.117554	3646.897461	1801.881836	3646.897461	2010.845337
3646.208008	1839.22583	3646.208008	1818.675781	3646.208008	1722.775757	3646.208008	2065.275879
3645.518555	1907.375366	3645.518555	1924.497192	3645.518555	1708.761841	3645.518555	2030.652832
3644.829102	1859.092529	3644.829102	2009.737305	3644.829102	1687.905396	3644.829102	2013.161011
3644.139648	1937.482666	3644.139648	2012.791138	3644.139648	1673.902832	3644.139648	1937.482666
3643.450195	1851.564575	3643.450195	1923.436768	3643.450195	1721.510132	3643.450195	1991.886475
3642.760742	1899.130371	3642.760742	2042.848389	3642.760742	1782.787231	3642.760742	1923.083374
3642.071289	1871.411743	3642.071289	2028.788208	3642.071289	1758.51123	3642.071289	2052.736816
3641.380859	1833.441284	3641.380859	1939.479858	3641.380859	1761.608765	3641.380859	2001.050659
3640.691406	1829.68457	3640.691406	2079.342285	3640.691406	1706.565552	3640.691406	2103.282227
3640.000977	1976.380127	3640.000977	1901.154541	3640.000977	1658.381226	3640.000977	2000.315552
3639.310547	1911.061523	3639.310547	1890.549194	3639.310547	1719.613403	3639.310547	1852.943359
3638.620117	1835.512451	3638.620117	1948.309326	3638.620117	1732.969849	3638.620117	2061.106201
3637.929688	1883.019775	3637.929688	1865.932373	3637.929688	1664.302368	3637.929688	2053.892578
3637.238281	1862.172852	3637.238281	1978.345093	3637.238281	1687.914429	3637.238281	2138.936035
3636.547852	1868.663086	3636.547852	1974.56543	3636.547852	1708.101562	3636.547852	2073.635254
3635.857422	1851.241943	3635.857422	1943.462524	3635.857422	1721.450073	3635.857422	2223.539795
3635.166016	1864.561646	3635.166016	1949.935425	3635.166016	1830.412231	3635.166016	1984.084839
3634.474609	1915.43396	3634.474609	1929.091187	3634.474609	1782.275391	3634.474609	2004.206299
3633.783203	1959.460083	3633.783203	1966.287476	3633.783203	1665.882446	3633.783203	2078.939453
3633.091797	1866.947266	3633.091797	1986.404663	3633.091797	1791.859863	3633.091797	2136.57959
3632.400391	1887.078979	3632.400391	1982.627319	3632.400391	1893.903809	3632.400391	2074.763184
3631.708984	1890.144043	3631.708984	1917.438599	3631.708984	1699.082642	3631.708984	2251.796143
3631.016602	1961.431763	3631.016602	2070.5896	3631.016602	1651.013794	3631.016602	2050.122559
3630.325195	2094.083252	3630.325195	1998.587524	3630.325195	1770.080078	3630.325195	2056.567139
3629.632812	1875.462769	3629.632812	1916.381958	3629.632812	1739.065552	3629.632812	2049.369385
3628.94043	1991.034668	3628.94043	2001.262573	3628.94043	1660.332031	3628.94043	2123.997559
3628.248047	1922.495239	3628.248047	2048.616455	3628.248047	1707.748413	3628.248047	2082.703125
3627.555664	1915.325928	3627.555664	2055.056152	3627.555664	1819.900513	3627.555664	2205.010498
3626.863281	1908.15918	3626.863281	2013.789429	3626.863281	1710.528442	3626.863281	2098.975098
3626.169922	1863.520142	3626.169922	2013.419434	3626.169922	1785.163818	3626.169922	2091.775879
3625.477539	1978.987793	3625.477539	1972.175415	3625.477539	1720.118408	3625.477539	2019.861816
3624.78418	1954.785278	3624.78418	1941.163086	3624.78418	1774.291138	3624.78418	2029.707397
3624.091797	1876.112915	3624.091797	2022.524658	3624.091797	1746.72583	3624.091797	2042.954102
3623.398438	1715.766113	3623.398438	2025.557251	3623.398438	1760.022095	3623.398438	2018.748657
3622.705078	1882.230835	3622.705078	1967.322632	3622.705078	1810.753784	3622.705078	2069.432861
3622.010742	1973.767212	3622.010742	1922.721558	3622.010742	1813.824097	3622.010742	2058.843506
3621.317383	1864.5271	3621.317383	2017.636108	3621.317383	1592.333374	3621.317383	2000.623901
3620.624023	1894.800659	3620.624023	1979.845581	3620.624023	1717.907227	3620.624023	2071.694092
3619.929688	1863.841919	3619.929688	1982.882935	3619.929688	1812.824341	3619.929688	2112.127441
3619.236328	1931.510376	3619.236328	2019.924561	3619.236328	1781.88623	3619.236328	2023.325073
3618.541992	1883.556519	3618.541992	1968.554565	3618.541992	1682.96106	3618.541992	2090.95166
3617.847656	1869.613159	3617.847656	2029.380127	3617.847656	1760.835693	3617.847656	2100.765381
3617.15332	1944.040283	3617.15332	1981.425659	3617.15332	1621.166504	3617.15332	2052.797852
3616.458984	1936.886963	3616.458984	2032.032227	3616.458984	1817.955322	3616.458984	2167.954102
3615.763672	1912.749023	3615.763672	1987.49231	3615.763672	1793.839233	3615.763672	2086.017578
3615.069336	1956.555786	3615.069336	2089.031006	3615.069336	1725.573486	3615.069336	2150.17334
3614.374023	1949.403809	3614.374023	2119.212646	3614.374023	1810.160767	3614.374023	2047.892944
3613.679688	2010.165405	3613.679688	2027.143188	3613.679688	1792.85022	3613.679688	2088.263184
3612.984375	1931.712646	3612.984375	2009.795898	3612.984375	1728.01709	3612.984375	2138.803223
3612.289062	1860.077271	3612.289062	1989.060669	3612.289062	1765.036865	3612.289062	2196.113037
3611.59375	1985.301392	3611.59375	1971.726685	3611.59375	1754.531372	3611.59375	2063.355957
3610.897461	2008.687866	3610.897461	2022.26001	3610.897461	1791.532349	3610.897461	2205.484863
3610.202148	1954.039673	3610.202148	2018.49585	3610.202148	1736.924194	3610.202148	2015.103394
3609.506836	2082.569092	3609.506836	1957.072266	3609.506836	1648.417847	3609.506836	2133.446045
3608.810547	1960.103638	3608.810547	2027.927246	3608.810547	1685.417847	3608.810547	2102.533203
3608.114258	1966.524414	3608.114258	2003.820557	3608.114258	1681.717407	3608.114258	2095.365723
3607.417969	2006.842041	3607.417969	2033.961548	3607.417969	1711.917603	3607.417969	2193.288574
3606.72168	1965.80127	3606.72168	1999.694336	3606.72168	1748.885254	3606.72168	2070.869873
3606.025391	1931.552856	3606.025391	2050.156982	3606.025391	1718.06543	3606.025391	2087.432617
3605.329102	1914.257446	3605.329102	1924.421631	3605.329102	1761.794434	3605.329102	2175.138428
3604.632812	1927.4552	3604.632812	1900.355591	3604.632812	1896.96814	3604.632812	2147.638916
3603.935547	2008.384399	3603.935547	2004.997559	3603.935547	1832.269775	3603.935547	2069.347168
3603.238281	1991.083984	3603.238281	2119.759521	3603.238281	1818.387939	3603.238281	2112.987061
3602.541016	2085.513916	3602.541016	2038.115845	3602.541016	1818.053467	3602.541016	2153.225342
3601.844727	2098.670166	3601.844727	2024.201172	3601.844727	1689.090942	3601.844727	2058.050781
3601.146484	1979.832642	3601.146484	2050.903564	3601.146484	1847.84375	3601.146484	2165.970703
3600.449219	1979.468384	3600.449219	2026.840332	3600.449219	1820.434204	3600.449219	2158.804932
3599.751953	2077.213623	3599.751953	2063.681396	3599.751953	1732.13916	3599.751953	2090.746094
3599.053711	1951.680542	3599.053711	2080.214111	3599.053711	1796.08728	3599.053711	2073.449219
3598.356445	1978.376221	3598.356445	2086.594971	3598.356445	1812.666016	3598.356445	2133.940918
3597.658203	1907.006592	3597.658203	2025.349243	3597.658203	1822.476196	3597.658203	2049.017822
3596.959961	1933.700562	3596.959961	2028.357178	3596.959961	1730.864868	3596.959961	2024.976685
3596.261719	1919.824829	3596.261719	2078.683594	3596.261719	1788.005859	3596.261719	2085.443604
3595.563477	2010.714111	3595.563477	2115.473877	3595.563477	1777.538818	3595.563477	2159.405518
3594.865234	1966.420654	3594.865234	2091.433594	3594.865234	1797.484131	3594.865234	2233.340332
3594.166992	2080.914307	3594.166992	2087.670654	3594.166992	1851.203003	3594.166992	2053.889648
3593.467773	2090.663818	3593.467773	2117.683838	3593.467773	1749.537842	3593.467773	2222.385742
3592.768555	1961.958252	3592.768555	2090.279053	3592.768555	1806.622437	3592.768555	2161.193359
3592.070312	1931.210938	3592.070312	2005.488281	3592.070312	1823.171143	3592.070312	2208.062988
3591.371094	1984.865479	3591.371094	1994.99231	3591.371094	1768.825684	3591.371094	2146.895264
3590.671875	2014.875122	3590.671875	2119.5	3590.671875	1906.875	3590.671875	2237.625
3589.972656	2058.371094	3589.972656	2092.114746	3589.972656	1879.529053	3589.972656	2135.981689
3589.272461	2135.588623	3589.272461	2091.729736	3589.272461	1771.222778	3589.272461	2203.063721
3588.573242	1986.777344	3588.573242	2121.702881	3588.573242	1767.523438	3588.573242	2185.79248
3587.873047	1939.196289	3587.873047	2138.174805	3587.873047	1797.550659	3587.873047	2225.860107
3587.172852	1989.417725	3587.172852	2080.45874	3587.172852	1787.104004	3587.172852	2144.524902
3586.473633	1975.566284	3586.473633	2069.961914	3586.473633	1689.008057	3586.473633	2255.381836
3585.773438	1981.943726	3585.773438	2089.804688	3585.773438	1870.712158	3585.773438	2221.26001
3585.073242	2048.979248	3585.073242	2075.939697	3585.073242	1870.367676	3585.073242	2187.150635
3584.37207	1873.392578	3584.37207	2240.658447	3584.37207	1785.787964	3584.37207	2169.900879
3583.671875	1990.9552	3583.671875	2041.487061	3583.671875	1792.196533	3583.671875	2189.713867
3582.97168	1963.643066	3582.97168	2125.315186	3582.97168	1859.229858	3582.97168	2135.419678
3582.270508	2044.102539	3582.270508	2050.837646	3582.270508	1794.903931	3582.270508	2296.668701
3581.569336	2047.092896	3581.569336	2097.596924	3581.569336	1828.242554	3581.569336	2262.576416
3580.868164	2033.250488	3580.868164	2167.902832	3580.868164	1841.37085	3580.868164	2097.210449
3580.166992	1965.562134	3580.166992	2053.070068	3580.166992	1938.636597	3580.166992	2248.280029
3579.46582	2130.088379	3579.46582	2012.310913	3579.46582	1840.692383	3579.46582	2294.976562
3578.764648	1921.099976	3578.764648	2079.229004	3578.764648	1820.166504	3578.764648	2203.713623
3578.0625	1994.750122	3578.0625	2132.666992	3578.0625	1860.197021	3578.0625	2277.311768
3577.361328	2034.740967	3577.361328	2098.641846	3577.361328	1954.023926	3577.361328	2209.627686
3576.65918	2057.904053	3576.65918	2165.506836	3576.65918	1718.282593	3576.65918	2189.044922
3575.957031	2087.782471	3575.957031	2141.573975	3575.957031	1875.978394	3575.957031	2148.297852
3575.254883	2067.229492	3575.254883	2188.238037	3575.254883	1858.825806	3575.254883	2205.044678
3574.552734	2006.355225	3574.552734	2103.816406	3574.552734	1824.875854	3574.552734	2238.245605
3573.850586	2029.505981	3573.850586	2194.151367	3573.850586	1885.021362	3573.850586	2217.672119
3573.148438	2002.255859	3573.148438	2096.321533	3573.148438	1941.785034	3573.148438	2173.589844
3572.445312	1961.5802	3572.445312	2166.471436	3572.445312	1907.838257	3572.445312	2243.725342
3571.743164	2035.099976	3571.743164	2129.131104	3571.743164	1840.321411	3571.743164	2159.355225
3571.040039	2001.148315	3571.040039	2044.797607	3571.040039	1772.829468	3571.040039	2075.016357
3570.336914	2101.489502	3570.336914	2235.77002	3570.336914	1745.646362	3570.336914	2235.77002
3569.633789	2054.112549	3569.633789	2117.884033	3569.633789	1815.808594	3569.633789	2299.12915
3568.930664	2006.752686	3568.930664	2107.425781	3568.930664	1775.204346	3568.930664	2164.474121
3568.227539	1982.896362	3568.227539	2231.177734	3568.227539	1939.279419	3568.227539	2214.4021
3567.523438	2032.848511	3567.523438	2086.52124	3567.523438	1851.703613	3567.523438	2230.766113
3566.820312	2019.057739	3566.820312	2126.383057	3566.820312	1858.069824	3566.820312	2334.325928
3566.116211	2125.990723	3566.116211	2182.996826	3566.116211	1874.493408	3566.116211	2293.655518
3565.412109	2142.361816	3565.412109	2118.893066	3565.412109	1860.736694	3565.412109	2226.178711
3564.708008	2172.134766	3564.708008	2095.037598	3564.708008	1937.490723	3564.708008	2379.962646
3564.003906	2041.02771	3564.003906	2158.328125	3564.003906	1886.86145	3564.003906	2245.465576
3563.299805	2023.896851	3563.299805	2067.45752	3563.299805	1896.565552	3563.299805	2298.664307
3562.595703	2067.075928	3562.595703	2284.839111	3562.595703	1902.915894	3562.595703	2194.383545
3561.890625	2083.442139	3561.890625	2217.425537	3561.890625	1835.572754	3561.890625	2230.823975
3561.185547	2042.869751	3561.185547	2237.109863	3561.185547	1751.509644	3561.185547	2257.203613
3560.481445	2059.234375	3560.481445	2233.348389	3560.481445	1868.378418	3560.481445	2236.696777
3559.776367	2011.985718	3559.776367	2186.067627	3559.776367	1851.294678	3559.776367	2256.370117
3559.071289	2051.779541	3559.071289	2309.50708	3559.071289	1824.175903	3559.071289	2185.664062
3558.366211	1957.69873	3558.366211	2185.260254	3558.366211	1874.036377	3558.366211	2195.299805
3557.660156	2004.179321	3557.660156	2141.360107	3557.660156	1880.381836	3557.660156	2332.074951
3556.955078	2030.571045	3556.955078	2271.429688	3556.955078	1950.284912	3556.955078	2395.204102
3556.249023	2000.094116	3556.249023	2160.636719	3556.249023	1836.206787	3556.249023	2317.834717
3555.543945	2053.22876	3555.543945	2237.150146	3555.543945	1859.275635	3555.543945	2297.342285
3554.837891	1969.264404	3554.837891	2166.525146	3554.837891	1798.750854	3554.837891	2327.008545
3554.131836	2042.44165	3554.131836	2243.008789	3554.131836	1858.588501	3554.131836	2239.666016
3553.425781	2082.170166	3553.425781	2202.488281	3553.425781	1884.9823	3553.425781	2336.174805
3552.719727	2081.785156	3552.719727	2135.25	3552.719727	1884.633789	3552.719727	2245.52124
3552.012695	2081.400391	3552.012695	2174.946533	3552.012695	1817.466797	3552.012695	2265.151611
3551.306641	2207.94751	3551.306641	2070.994629	3551.306641	1843.853271	3551.306641	2167.86377
3550.599609	2107.348389	3550.599609	2237.596436	3550.599609	1843.512329	3550.599609	2240.936279
3549.893555	2023.481689	3549.893555	2147.027588	3549.893555	1863.205933	3549.893555	2203.791992
3549.186523	2026.445923	3549.186523	2243.445801	3549.186523	1849.507446	3549.186523	2346.938232
3548.479492	2192.963135	3548.479492	2233.017334	3548.479492	1892.557373	3548.479492	2413.260986
3547.772461	2082.429199	3547.772461	2272.651123	3547.772461	1845.486084	3547.772461	2322.709473
3547.064453	2008.638428	3547.064453	2212.171631	3547.064453	1911.876831	3547.064453	2412.368164
3546.357422	2101.674561	3546.357422	2195.082275	3546.357422	1888.171143	3546.357422	2371.889893
3545.649414	2054.590576	3545.649414	2164.657715	3545.649414	1901.163208	3545.649414	2351.438721
3544.942383	2157.587646	3544.942383	2294.312744	3544.942383	1864.12915	3544.942383	2277.638916
3544.234375	2263.880859	3544.234375	2287.219727	3544.234375	1870.452393	3544.234375	2350.568359
3543.526367	2200.124756	3543.526367	2200.124756	3543.526367	1976.778809	3543.526367	2280.129395
3542.818359	2099.730469	3542.818359	2146.391113	3542.818359	1913.087769	3542.818359	2293.039062
3542.110352	2152.658203	3542.110352	2249.294678	3542.110352	1886.075195	3542.110352	2282.617676
3541.401367	2102.284668	3541.401367	2262.204834	3541.401367	2035.651245	3541.401367	2282.194824
3540.693359	2038.605347	3540.693359	2225.144287	3540.693359	1925.349487	3540.693359	2301.758545
3539.984375	2074.862549	3539.984375	2231.393066	3539.984375	1891.688599	3539.984375	2298.001953
3539.275391	2057.829102	3539.275391	2230.97998	3539.275391	1878.018921	3539.275391	2337.53418
3538.566406	2144.007324	3538.566406	2200.60376	3538.566406	1890.987793	3538.566406	2253.871094
3537.857422	2070.381104	3537.857422	2300.053711	3537.857422	1900.623291	3537.857422	2399.911377
3537.148438	2239.724121	3537.148438	2259.691895	3537.148438	2023.406006	3537.148438	2406.122559
3536.439453	2109.542236	3536.439453	2189.398682	3536.439453	1923.210449	3536.439453	2342.457031
3535.730469	2022.65625	3535.730469	2322.0625	3535.730469	1899.566895	3535.730469	2405.230957
3535.020508	2055.54248	3535.020508	2235.153076	3535.020508	1822.714111	3535.020508	2438.046387
3534.310547	2134.973633	3534.310547	2234.73877	3534.310547	1858.956787	3534.310547	2344.480469
3533.600586	2157.852051	3533.600586	2257.598633	3533.600586	2041.480957	3533.600586	2420.518066
3532.890625	2061.048096	3532.890625	2253.855957	3532.890625	1934.72583	3532.890625	2436.690674
3532.180664	2037.400391	3532.180664	2223.525146	3532.180664	1970.927246	3532.180664	2373.0896
3531.470703	2166.621094	3531.470703	2369.326416	3531.470703	1847.609375	3531.470703	2369.326416
3530.760742	2166.219238	3530.760742	2182.831299	3530.760742	1953.584229	3530.760742	2342.307617
3530.049805	2255.506104	3530.049805	2145.886475	3530.049805	1939.93457	3530.049805	2292.046143
3529.339844	2148.80957	3529.339844	2225.197021	3529.339844	1952.859497	3529.339844	2387.935303
3528.628906	2191.578369	3528.628906	2304.478027	3528.628906	1919.291504	3528.628906	2414.056885
3527.917969	2221.051514	3527.917969	2353.849609	3527.917969	1945.494995	3527.917969	2397.009277
3527.207031	2263.790771	3527.207031	2293.664795	3527.207031	1998.243408	3527.207031	2443.035156
3526.496094	2250.095703	3526.496094	2250.095703	3526.496094	2050.972168	3526.496094	2396.119629
3525.78418	2116.953613	3525.78418	2189.952148	3525.78418	2040.637085	3525.78418	2382.402344
3525.073242	2196.18042	3525.073242	2202.81543	3525.073242	1920.828491	3525.073242	2448.310059
3524.361328	2155.970215	3524.361328	2235.575195	3524.361328	1966.908203	3524.361328	2487.657959
3523.650391	2145.621094	3523.650391	2291.536621	3523.650391	1993.07312	3523.650391	2430.81958
3522.938477	2138.591309	3522.938477	2244.691895	3522.938477	1936.336914	3522.938477	2383.949219
3522.226562	2158.084229	3522.226562	2290.685547	3522.226562	1952.55249	3522.226562	2383.506348
3521.514648	2170.941162	3521.514648	2346.60498	3521.514648	1915.731201	3521.514648	2459.295166
3520.801758	2097.634277	3520.801758	2412.445068	3520.801758	2014.789307	3520.801758	2425.700195
3520.089844	2170.134521	3520.089844	2226.45874	3520.089844	1981.283081	3520.089844	2488.199951
3519.376953	2239.295166	3519.376953	2226.044922	3519.376953	2040.541138	3519.376953	2335.359619
3518.665039	2122.960693	3518.665039	2308.429932	3518.665039	1910.99585	3518.665039	2324.989746
3517.952148	2205.349609	3517.952148	2351.04834	3517.952148	2168.924805	3517.952148	2443.765625
3517.239258	2304.26123	3517.239258	2247.979004	3517.239258	2079.132324	3517.239258	2499.59375
3516.526367	2174.73877	3516.526367	2217.77002	3516.526367	2012.543579	3516.526367	2462.717773
3515.813477	2270.30957	3515.813477	2326.570801	3515.813477	2032.026367	3515.813477	2511.902344
3515.099609	2177.23877	3515.099609	2253.343018	3515.099609	1892.675781	3515.099609	2392.315674
3514.386719	2342.246826	3514.386719	2252.923828	3514.386719	2004.804565	3514.386719	2385.25415
3513.672852	2222.736084	3513.672852	2199.58252	3513.672852	2014.354492	3513.672852	2507.193359
3512.958984	2288.463135	3512.958984	2232.243652	3512.958984	1987.52356	3512.958984	2437.279297
3512.246094	2284.730957	3512.246094	2307.875732	3512.246094	2040.056396	3512.246094	2499.647705
3511.532227	2195.049316	3511.532227	2340.504395	3511.532227	1970.255005	3511.532227	2466.124512
3510.817383	2224.387451	3510.817383	2227.692627	3510.817383	2059.128174	3510.817383	2472.276123
3510.103516	2207.450439	3510.103516	2253.714355	3510.103516	1956.303467	3510.103516	2485.03418
3509.389648	2362.325439	3509.389648	2431.708252	3509.389648	2008.80249	3509.389648	2570.474365
3508.674805	2282.605469	3508.674805	2474.198975	3508.674805	1866.38501	3508.674805	2507.232422
3507.959961	2245.850586	3507.959961	2229.336914	3507.959961	2014.660034	3507.959961	2506.765381
3507.246094	2195.900635	3507.246094	2354.401855	3507.246094	2070.420654	3507.246094	2539.319824
3506.53125	2301.139404	3506.53125	2327.55127	3506.53125	2000.703735	3506.53125	2492.625977
3505.81543	2284.206299	3505.81543	2356.825684	3505.81543	1990.428345	3505.81543	2508.666016
3505.100586	2237.577148	3505.100586	2412.490967	3505.100586	1990.057617	3505.100586	2389.38916
3504.385742	2190.965332	3504.385742	2316.351807	3504.385742	2062.279053	3504.385742	2438.438721
3503.669922	2190.556885	3503.669922	2240.04248	3503.669922	1989.31604	3503.669922	2520.459961
3502.955078	2262.713867	3502.955078	2510.094971	3502.955078	2028.526245	3502.955078	2424.336182
3502.239258	2245.802979	3502.239258	2420.58667	3502.239258	2044.637085	3502.239258	2397.501953
3501.523438	2331.111328	3501.523438	2354.19165	3501.523438	2004.689697	3501.523438	2515.753662
3500.807617	2314.193848	3500.807617	2409.794434	3500.807617	2030.688477	3500.807617	2459.24292
3500.091797	2211.587402	3500.091797	2284.098633	3500.091797	2056.67749	3500.091797	2495.039795
3499.375	2270.491211	3499.375	2323.216797	3499.375	2043.112549	3499.375	2494.574463
3498.65918	2332.66748	3498.65918	2352.436035	3498.65918	2039.436768	3498.65918	2510.582764
3497.942383	2276.232422	3497.942383	2417.879395	3497.942383	2009.409302	3497.942383	2546.349854
3497.225586	2417.428223	3497.225586	2325.210205	3497.225586	2081.491211	3497.225586	2585.396729
3496.508789	2268.797363	3496.508789	2449.906006	3496.508789	2107.446045	3496.508789	2387.341064
3495.791992	2423.110596	3495.791992	2449.44873	3495.791992	2037.915039	3495.791992	2508.709717
3495.075195	2300.866943	3495.075195	2320.616943	3495.075195	1988.15979	3495.075195	2445.699951
3494.358398	2234.616699	3494.358398	2468.280518	3494.358398	2014.116943	3494.358398	2586.758057
3493.640625	2217.747314	3493.640625	2510.595215	3493.640625	2046.645142	3493.640625	2527.047363
3492.923828	2210.753662	3492.923828	2454.199707	3492.923828	2036.393555	3492.923828	2595.661621
3492.206055	2239.943604	3492.206055	2443.873779	3492.206055	2065.615967	3492.206055	2575.44165
3491.488281	2265.83374	3491.488281	2394.088623	3491.488281	2075.095947	3491.488281	2505.900391
3490.770508	2245.682617	3490.770508	2367.337402	3490.770508	1985.933105	3490.770508	2535.023926
3490.052734	2232.11377	3490.052734	2442.504395	3490.052734	2146.642334	3490.052734	2679.193848
3489.334961	2284.284424	3489.334961	2448.621338	3489.334961	2070.64624	3489.334961	2603.098145
3488.616211	2293.71582	3488.616211	2257.568359	3488.616211	1922.383667	3488.616211	2435.019287
3487.898438	2299.858154	3487.898438	2352.42627	3487.898438	2119.155029	3487.898438	2592.268555
3487.179688	2217.305664	3487.179688	2473.527832	3487.179688	2030.066528	3487.179688	2614.77832
3486.460938	2318.703857	3486.460938	2433.653809	3486.460938	2049.392822	3486.460938	2522.32959
3485.742188	2377.376465	3485.742188	2367.525391	3485.742188	2042.442139	3485.742188	2429.915039
3485.023438	2232.477295	3485.023438	2413.04541	3485.023438	2094.589111	3485.023438	2577.197998
3484.304688	2195.952881	3484.304688	2392.899414	3484.304688	1985.876709	3484.304688	2570.151123
3483.585938	2290.715088	3483.585938	2362.915283	3483.585938	2093.80542	3483.585938	2484.342773
3482.866211	2342.785889	3482.866211	2444.503418	3482.866211	1981.852417	3482.866211	2546.220947
3482.147461	2293.138428	3482.147461	2404.678711	3482.147461	2017.568115	3482.147461	2594.953369
3481.427734	2410.788574	3481.427734	2420.628662	3481.427734	2020.470459	3481.427734	2479.668213
3480.708008	2397.219971	3480.708008	2590.702637	3480.708008	1990.577881	3480.708008	2639.893311
3479.988281	2262.342041	3479.988281	2501.691162	3479.988281	2101.682861	3479.988281	2626.283936
3479.268555	2320.925049	3479.268555	2461.88501	3479.268555	2081.620605	3479.268555	2415.991211
3478.547852	2327.04541	3478.547852	2343.433105	3478.547852	2087.785889	3478.547852	2559.75
3477.828125	2267.625	3477.828125	2382.317139	3477.828125	2080.84082	3477.828125	2526.501221
3477.107422	2273.75293	3477.107422	2453.949463	3477.107422	2008.372437	3477.107422	2434.291504
3476.386719	2378.148926	3476.386719	2427.28418	3476.386719	2011.271851	3476.386719	2512.451904
3475.666992	2377.703125	3475.666992	2472.68042	3475.666992	2115.697266	3475.666992	2754.33667
3474.946289	2354.336426	3474.946289	2488.589111	3474.946289	2003.969238	3474.946289	2639.214355
3474.224609	2314.608887	3474.224609	2461.931885	3474.224609	2183.655029	3474.224609	2651.814941
3473.503906	2337.087646	3473.503906	2468.016846	3473.503906	2183.245605	3473.503906	2533.481445
3472.783203	2222.107666	3472.783203	2503.552979	3472.783203	2110.838623	3472.783203	2663.911133
3472.061523	2296.947266	3472.061523	2476.907471	3472.061523	2195.514893	3472.061523	2597.971436
3471.339844	2365.215576	3471.339844	2564.770264	3471.339844	2011.905273	3471.339844	2594.212891
3470.619141	2397.479736	3470.619141	2449.812012	3470.619141	2037.694092	3470.619141	2547.935303
3469.897461	2367.598389	3469.897461	2439.541992	3469.897461	2122.336182	3469.897461	2652.102539
3469.174805	2337.728027	3469.174805	2308.302246	3469.174805	2161.172363	3469.174805	2654.874512
3468.453125	2278.448486	3468.453125	2386.323486	3468.453125	2137.884277	3468.453125	2553.039307
3467.731445	2307.435791	3467.731445	2506.803467	3467.731445	2163.629639	3467.731445	2575.438232
3467.008789	2251.45166	3467.008789	2401.766113	3467.008789	2071.727539	3467.008789	2761.214111
3466.286133	2342.507568	3466.286133	2482.992676	3466.286133	2022.332153	3466.286133	2616.943604
3465.564453	2384.531738	3465.564453	2459.660889	3465.564453	2103.614502	3465.564453	2622.985107
3464.841797	2331.830078	3464.841797	2420.008545	3464.841797	2178.334229	3464.841797	2687.809814
3464.119141	2373.840332	3464.119141	2475.063232	3464.119141	1998.33606	3464.119141	2716.692139
3463.395508	2330.954102	3463.395508	2608.448486	3463.395508	2118.752441	3463.395508	2641.094971
3462.672852	2284.81958	3462.672852	2526.357666	3462.672852	2131.4104	3462.672852	2764.631836
3461.949219	2255.019531	3461.949219	2558.51709	3461.949219	2082.058594	3461.949219	2568.307373
3461.226562	2287.223633	3461.226562	2502.568604	3461.226562	2035.988037	3461.226562	2682.022705
3460.50293	2404.232422	3460.50293	2524.93335	3460.50293	2153.043945	3460.50293	2603.22583
3459.779297	2449.442383	3459.779297	2475.534912	3459.779297	2093.930908	3459.779297	2710.368408
3459.055664	2302.238525	3459.055664	2501.157227	3459.055664	2119.624756	3459.055664	2608.768799
3458.332031	2337.669434	3458.332031	2471.34375	3458.332031	2008.374268	3458.332031	2591.976562
3457.607422	2347.008789	3457.607422	2435.021729	3457.607422	2073.191162	3457.607422	2787.072998
3456.883789	2268.348389	3456.883789	2480.191162	3456.883789	2072.801025	3456.883789	2607.296875
3456.15918	2417.812988	3456.15918	2603.547852	3456.15918	2072.411133	3456.15918	2629.615967
3455.43457	2244.689453	3455.43457	2449.936768	3455.43457	2130.663086	3455.43457	2664.957764
3454.709961	2293.126221	3454.709961	2657.94165	3454.709961	2201.922119	3454.709961	2677.485352
3453.985352	2341.544434	3453.985352	2465.297852	3453.985352	2185.224365	3453.985352	2576.024414
3453.260742	2402.968506	3453.260742	2630.892334	3453.260742	2194.581055	3453.260742	2595.075928
3452.536133	2373.217041	3452.536133	2549.010986	3452.536133	2063.950195	3452.536133	2604.353516
3451.810547	2363.005615	3451.810547	2512.727783	3451.810547	2073.325928	3451.810547	2655.940186
3451.085938	2290.967773	3451.085938	2583.847168	3451.085938	2128.256836	3451.085938	2714.015625
3450.360352	2313.311279	3450.360352	2489.005859	3450.360352	2108.334229	3450.360352	2593.121094
3449.634766	2521.06665	3449.634766	2446.247803	3449.634766	2150.22583	3449.634766	2755.281738
3448.90918	2484.81543	3448.90918	2449.039307	3448.90918	2156.325439	3448.90918	2718.986328
3448.183594	2292.49292	3448.183594	2555.885742	3448.183594	2233.961182	3448.183594	2689.208008
3447.458008	2483.878662	3447.458008	2600.919922	3447.458008	2214.033203	3447.458008	2795.989014
3446.731445	2398.89624	3446.731445	2476.90918	3446.731445	2099.846924	3446.731445	2632.934814
3446.005859	2401.693604	3446.005859	2476.441895	3446.005859	2115.700439	3446.005859	2707.186523
3445.279297	2352.500977	3445.279297	2599.44873	3445.279297	2118.550537	3445.279297	2690.429443
3444.552734	2309.824219	3444.552734	2602.207031	3444.552734	2075.917969	3444.552734	2644.439941
3443.826172	2361.357666	3443.826172	2647.189209	3443.826172	2153.480225	3443.826172	2676.421875
3443.099609	2451.841309	3443.099609	2445.346191	3443.099609	2172.558594	3443.099609	2675.916748
3442.37207	2366.960205	3442.37207	2561.771729	3442.37207	2155.914307	3442.37207	2636.449463
3441.645508	2480.131836	3441.645508	2554.795654	3441.645508	2110.059814	3441.645508	2652.182861
3440.917969	2359.575195	3440.917969	2632.208252	3440.917969	2200.539062	3440.917969	2628.962646
3440.191406	2342.904541	3440.191406	2579.791016	3440.191406	2154.693359	3440.191406	2690.121582
3439.463867	2504.682373	3439.463867	2540.37085	3439.463867	2089.398193	3439.463867	2705.835693
3438.736328	2377.701172	3438.736328	2666.398926	3438.736328	2257.680908	3438.736328	2659.911377
3438.008789	2328.604248	3438.008789	2743.731445	3438.008789	2182.661133	3438.008789	2711.299561
3437.280273	2545.41626	3437.280273	2619.995361	3437.280273	2039.575684	3437.280273	2665.391357
3436.552734	2444.43457	3436.552734	2522.241455	3436.552734	2168.868408	3436.552734	2713.516846
3435.824219	2437.489746	3435.824219	2596.315674	3435.824219	2171.699707	3435.824219	2654.659912
3435.09668	2420.825439	3435.09668	2547.213867	3435.09668	2294.437012	3435.09668	2693.046631
3434.368164	2371.765869	3434.368164	2494.890381	3434.368164	2125.516846	3434.368164	2689.297363
3433.639648	2507.376465	3433.639648	2510.615967	3433.639648	2325.964355	3433.639648	2747.099854
3432.911133	2351.435303	3432.911133	2532.813232	3432.911133	2163.57959	3432.911133	2633.218994
3432.181641	2383.373291	3432.181641	2571.193604	3432.181641	2124.311035	3432.181641	2603.576416
3431.453125	2373.209473	3431.453125	2557.756348	3431.453125	2182.187012	3431.453125	2735.827881
3430.723633	2382.471436	3430.723633	2476.345947	3430.723633	2113.795898	3430.723633	2696.465576
3429.995117	2482.350098	3429.995117	2530.896729	3429.995117	2064.849121	3429.995117	2657.11792
3429.265625	2494.823486	3429.265625	2485.115967	3429.265625	2096.81665	3429.265625	2676.029785
3428.536133	2416.705811	3428.536133	2549.349854	3428.536133	2219.357666	3428.536133	2753.168213
3427.806641	2390.371338	3427.806641	2610.324463	3427.806641	2186.591553	3427.806641	2704.12793
3427.077148	2347.876709	3427.077148	2545.150146	3427.077148	2244.38916	3427.077148	2645.403809
3426.34668	2395.932617	3426.34668	2615.802246	3426.34668	2014.394165	3426.34668	2699.870117
3425.617188	2321.125	3425.617188	2537.720459	3425.617188	2140.090332	3425.617188	2586.211914
3424.886719	2369.16748	3424.886719	2543.703857	3424.886719	2091.202393	3424.886719	2660.061279
3424.15625	2436.580811	3424.15625	2598.157715	3424.15625	2084.343018	3424.15625	2724.187744
3423.425781	2452.273682	3423.425781	2481.351807	3423.425781	2171.182861	3423.425781	2668.745605
3422.695312	2367.820557	3422.695312	2522.875488	3422.695312	2093.243652	3422.695312	2842.676758
3421.964844	2377.060547	3421.964844	2609.599121	3421.964844	2141.292236	3421.964844	2745.246582
3421.233398	2366.922363	3421.233398	2589.729492	3421.233398	2202.23877	3421.233398	2628.47876
3420.50293	2495.612549	3420.50293	2473.013184	3420.50293	2146.937012	3420.50293	2631.208496
3419.771484	2482.227539	3419.771484	2566.1521	3419.771484	2185.26416	3419.771484	2685.583008
3419.040039	2413.984131	3419.040039	2601.164795	3419.040039	2139.667969	3419.040039	2720.573242
3418.308594	2352.219971	3418.308594	2684.563721	3418.308594	2023.102783	3418.308594	2787.816162
3417.577148	2493.718506	3417.577148	2580.821289	3417.577148	2161.437744	3417.577148	2780.834961
3416.845703	2557.753418	3416.845703	2499.696045	3416.845703	2248.11377	3416.845703	2760.95459
3416.114258	2305.733154	3416.114258	2544.368652	3416.114258	2073.547607	3416.114258	2657.236572
3415.381836	2389.124268	3415.381836	2595.472412	3415.381836	2127.964844	3415.381836	2759.906006
3414.649414	2424.129639	3414.649414	2556.296387	3414.649414	2124.337158	3414.649414	2569.190674
3413.917969	2375.324707	3413.917969	2591.263428	3413.917969	2217.399414	3413.917969	2691.175293
3413.185547	2384.540527	3413.185547	2555.325195	3413.185547	2236.312256	3413.185547	2738.999268
3412.453125	2396.974121	3412.453125	2674.043701	3412.453125	2248.77417	3412.453125	2819.022217
3411.719727	2396.518555	3411.719727	2638.103027	3411.719727	2093.732666	3411.719727	2766.948242
3410.987305	2489.458008	3410.987305	2563.529785	3410.987305	2067.570557	3410.987305	2679.468262
3410.253906	2392.387451	3410.253906	2672.519043	3410.253906	2096.156494	3410.253906	2569.482178
3409.521484	2359.739502	3409.521484	2597.967041	3409.521484	2201.994385	3409.521484	2723.519287
3408.788086	2439.757568	3408.788086	2523.443359	3408.788086	2201.575439	3408.788086	2797.031006
3408.054688	2426.421143	3408.054688	2535.835449	3408.054688	2204.374756	3408.054688	2706.392822
3407.321289	2438.829346	3407.321289	2567.527588	3407.321289	2123.519043	3407.321289	2715.530273
3406.587891	2451.232666	3406.587891	2460.883057	3406.587891	2164.933838	3406.587891	2679.628174
3405.853516	2328.549316	3405.853516	2569.766357	3405.853516	2209.548828	3405.853516	2630.874756
3405.120117	2373.124756	3405.120117	2559.630371	3405.120117	2119.091064	3405.120117	2771.861084
3404.385742	2385.532715	3404.385742	2607.368164	3404.385742	2173.342529	3404.385742	2684.528076
3403.651367	2494.36792	3403.651367	2606.871582	3403.651367	2221.144531	3403.651367	2706.517578
3402.916992	2429.617188	3402.916992	2529.244385	3402.916992	2146.804443	3402.916992	2738.139893
3402.182617	2406.662109	3402.182617	2676.568115	3402.182617	2207.445801	3402.182617	2798.668457
3401.448242	2419.053711	3401.448242	2589.319092	3401.448242	2184.537354	3401.448242	2859.173828
3400.712891	2534.222656	3400.712891	2524.586914	3400.712891	2180.908936	3400.712891	2736.574951
3399.978516	2347.482422	3399.978516	2508.049072	3399.978516	2219.029297	3399.978516	2649.347412
3399.243164	2526.835205	3399.243164	2568.574463	3399.243164	2112.652588	3399.243164	2706.635498
3398.507812	2487.832031	3398.507812	2641.917236	3398.507812	2170.031738	3398.507812	2751.060791
3397.772461	2448.84375	3397.772461	2538.709473	3397.772461	2201.712646	3397.772461	2837.192383
3397.037109	2480.465576	3397.037109	2628.073975	3397.037109	2149.950684	3397.037109	2798.144775
3396.301758	2415.826904	3396.301758	2585.865234	3396.301758	2236.163818	3396.301758	2675.696777
3395.566406	2357.628174	3395.566406	2639.901855	3395.566406	2097.807861	3395.566406	2617.448242
3394.830078	2437.354248	3394.830078	2575.257324	3394.830078	2174.376709	3394.830078	2758.058838
3394.09375	2391.999023	3394.09375	2619.655762	3394.09375	2273.361084	3394.09375	2539.494873
3393.358398	2388.33667	3393.358398	2721.741943	3393.358398	2160.723389	3393.358398	2689.683838
3392.62207	2461.600342	3392.62207	2596.219238	3392.62207	2150.695068	3392.62207	2740.453613
3391.885742	2470.744141	3391.885742	2695.065918	3391.885742	2159.898193	3391.885742	2781.589844
3391.148438	2399.784424	3391.148438	2550.371826	3391.148438	2197.93335	3391.148438	2745.814941
3390.412109	2408.936279	3390.412109	2607.545166	3390.412109	2197.513672	3390.412109	2758.10376
3389.674805	2478.936523	3389.674805	2504.558594	3389.674805	2203.499268	3389.674805	2719.143555
3388.938477	2404.813477	3388.938477	2664.1875	3388.938477	2177.460938	3388.938477	2747.443359
3388.201172	2391.547607	3388.201172	2516.407715	3388.201172	2257.083252	3388.201172	2788.53833
3387.463867	2477.515381	3387.463867	2579.945068	3387.463867	2157.423096	3387.463867	2752.794922
3386.726562	2339.428223	3386.726562	2659.459473	3386.726562	2192.213867	3386.726562	2681.861816
3385.988281	2412.573975	3385.988281	2665.350342	3385.988281	2146.999023	3385.988281	2617.35498
3385.250977	2466.49707	3385.250977	2584.863281	3385.250977	2296.945557	3385.250977	2674.437988
3384.512695	2405.25415	3384.512695	2581.17041	3384.512695	2203.750244	3384.512695	2709.109619
3383.775391	2360.023926	3383.775391	2603.061523	3383.775391	2190.537109	3383.775391	2679.810303
3383.037109	2308.41626	3383.037109	2545.012939	3383.037109	2145.356445	3383.037109	2644.127686
3382.298828	2435.840088	3382.298828	2560.509033	3382.298828	2263.221436	3382.298828	2675.588135
3381.560547	2505.686279	3381.560547	2620.743408	3381.560547	2224.435791	3381.560547	2783.740967
3380.821289	2310.286133	3380.821289	2610.655273	3380.821289	2182.469482	3380.821289	2767.230713
3380.083008	2348.181396	3380.083008	2549.454102	3380.083008	2229.973633	3380.083008	2833.791748
3379.34375	2475.499512	3379.34375	2529.800781	3379.34375	2108.167236	3379.34375	2647.98584
3378.605469	2417.540771	3378.605469	2593.187744	3378.605469	2136.505615	3378.605469	2637.897949
3377.866211	2455.393066	3377.866211	2525.638428	3377.866211	2203.148682	3377.866211	2745.953369
3377.126953	2359.151855	3377.126953	2569.847412	3377.126953	2218.688232	3377.126953	2707.118896
3376.387695	2317.207031	3376.387695	2540.62915	3376.387695	2189.537354	3376.387695	2776.818359
3375.647461	2342.291992	3375.647461	2536.951172	3375.647461	2102.957031	3375.647461	2670.97876
3374.908203	2348.223877	3374.908203	2625.799316	3374.908203	2131.268311	3374.908203	2673.656982
3374.167969	2539.168213	3374.167969	2615.726074	3374.167969	2130.859619	3374.167969	2692.283936
3373.428711	2401.54126	3373.428711	2583.331299	3373.428711	2194.237061	3373.428711	2672.631592
3372.688477	2423.401367	3372.688477	2429.778809	3372.688477	2241.646484	3372.688477	2694.439697
3371.948242	2467.56958	3371.948242	2550.459473	3371.948242	2209.335449	3371.948242	2690.734863
3371.208008	2365.097168	3371.208008	2540.407715	3371.208008	2218.473877	3371.208008	2690.218506
3370.466797	2364.643311	3370.466797	2590.909668	3370.466797	2233.982422	3370.466797	2696.075684
3369.726562	2533.060059	3369.726562	2584.039795	3369.726562	2211.25	3369.726562	2714.675781
3368.985352	2459.304199	3368.985352	2580.358154	3368.985352	2118.442139	3368.985352	2796.980713
3368.244141	2398.31665	3368.244141	2465.202148	3368.244141	2188.105713	3368.244141	2649.932861
3367.503906	2455.175293	3367.503906	2643.055176	3367.503906	2174.947754	3367.503906	2716.296387
3366.761719	2489.725342	3366.761719	2575.687744	3366.761719	2158.611084	3366.761719	2706.223389
3366.020508	2365.103027	3366.020508	2486.063965	3366.020508	2244.14209	3366.020508	2763.000488
3365.279297	2371.013672	3365.279297	2625.619141	3365.279297	2234.16333	3365.279297	2708.365967
3364.537109	2338.738525	3364.537109	2555.111572	3364.537109	2144.63916	3364.537109	2720.573242
3363.795898	2417.82251	3363.795898	2592.796387	3363.795898	2226.94165	3363.795898	2707.324951
3363.053711	2436.442139	3363.053711	2515.960449	3363.053711	2216.971436	3363.053711	2799.045654
3362.311523	2410.532471	3362.311523	2556.818115	3362.311523	2178.383545	3362.311523	2575.898926
3361.569336	2273.349854	3361.569336	2553.146973	3361.569336	2228.836914	3361.569336	2645.352783
3360.827148	2450.930908	3360.827148	2508.151123	3360.827148	2171.187988	3360.827148	2749.747559
3360.084961	2396.428467	3360.084961	2647.513184	3360.084961	2138.987305	3360.084961	2714.257324
3359.341797	2380.079102	3359.341797	2624.76001	3359.341797	2249.794434	3359.341797	2669.247559
3358.598633	2452.693359	3358.598633	2595.661377	3358.598633	2109.570557	3358.598633	2678.264893
3357.856445	2493.515137	3357.856445	2684.102295	3357.856445	2229.869629	3357.856445	2706.337402
3357.113281	2366.001465	3357.113281	2550.200195	3357.113281	2121.46167	3357.113281	2785.212402
3356.370117	2387.772461	3356.370117	2546.533936	3356.370117	2149.630371	3356.370117	2692.594482
3355.625977	2434.931885	3355.625977	2539.694336	3355.625977	2142.866943	3355.625977	2723.822021
3354.882812	2320.198486	3354.882812	2628.077148	3354.882812	2167.846191	3354.882812	2726.471436
3354.138672	2268.977295	3354.138672	2611.703857	3354.138672	2103.960693	3354.138672	2675.171875
3353.395508	2436.69751	3353.395508	2582.645508	3353.395508	2170.183838	3353.395508	2681.001953
3352.651367	2360.095703	3352.651367	2566.286865	3352.651367	2134.871582	3352.651367	2569.459229
3351.907227	2369.155518	3351.907227	2448.44458	3351.907227	2175.69043	3351.907227	2803.659424
3351.163086	2349.673096	3351.163086	2438.459717	3351.163086	2191.125732	3351.163086	2679.451904
3350.417969	2488.714844	3350.417969	2536.27002	3350.417969	2171.681152	3350.417969	2694.786865
3349.673828	2431.179932	3349.673828	2481.895508	3349.673828	2183.941162	3349.673828	2675.248779
3348.929688	2525.784424	3348.929688	2525.784424	3348.929688	2177.181641	3348.929688	2709.593018
3348.18457	2522.128418	3348.18457	2458.758545	3348.18457	2179.930176	3348.18457	2671.048096
3347.439453	2486.794922	3347.439453	2508.970215	3347.439453	2198.516846	3347.439453	2714.883301
3346.694336	2508.486084	3346.694336	2476.813232	3346.694336	2175.921631	3346.694336	2584.500732
3345.949219	2311.668457	3345.949219	2517.501953	3345.949219	2153.334961	3345.949219	2710.668701
3345.204102	2393.539551	3345.204102	2403.037842	3345.204102	2111.760498	3345.204102	2618.32959
3344.458008	2415.235596	3344.458008	2586.169678	3344.458008	2301.279541	3344.458008	2757.10376
3343.711914	2411.604248	3343.711914	2544.527344	3343.711914	2164.74707	3343.711914	2636.307617
3342.966797	2411.138428	3342.966797	2613.648682	3342.966797	2189.642822	3342.966797	2702.24707
3342.220703	2413.836182	3342.220703	2480.272217	3342.220703	2100.638672	3342.220703	2749.179199
3341.474609	2369.087891	3341.474609	2593.660889	3341.474609	2068.602783	3341.474609	2669.572998
3340.728516	2387.604248	3340.728516	2501.450439	3340.728516	2134.613037	3340.728516	2751.279053
3339.981445	2456.701904	3339.981445	2523.099365	3339.981445	2033.02356	3339.981445	2706.482422
3339.235352	2326.619141	3339.235352	2611.124268	3339.235352	2184.366699	3339.235352	2664.864014
3338.488281	2509.481445	3338.488281	2481.036621	3338.488281	2177.623047	3338.488281	2635.903809
3337.741211	2458.437012	3337.741211	2670.15332	3337.741211	2126.642822	3337.741211	2654.35376
3336.995117	2268.401611	3336.995117	2546.422852	3336.995117	2249.445557	3336.995117	2615.928223
3336.24707	2425.898926	3336.24707	2643.85083	3336.24707	2214.264404	3336.24707	2628.057129
3335.5	2441.219971	3335.5	2520.172852	3335.5	2210.677979	3335.5	2715.97583
3334.75293	2358.652588	3334.75293	2563.890137	3334.75293	2096.580078	3334.75293	2702.820068
3334.004883	2386.608154	3334.004883	2563.393799	3334.004883	2039.350342	3334.004883	2689.669434
3333.257812	2427.177734	3333.257812	2537.647461	3333.257812	2076.830811	3333.257812	2572.366455
3332.509766	2391.995361	3332.509766	2518.222168	3332.509766	2117.452393	3332.509766	2619.203369
3331.761719	2489.338867	3331.761719	2467.253662	3331.761719	2126.507568	3331.761719	2637.626465
3331.013672	2356.370117	3331.013672	2485.702393	3331.013672	2163.948975	3331.013672	2678.123535
3330.265625	2327.529053	3330.265625	2434.759521	3330.265625	2160.375977	3330.265625	2642.912598
3329.516602	2374.376465	3329.516602	2453.207031	3329.516602	2178.876709	3329.516602	2642.400391
3328.768555	2361.305908	3328.768555	2534.699707	3328.768555	2203.675293	3328.768555	2629.278076
3328.019531	2427.040283	3328.019531	2471.168457	3328.019531	2193.792236	3328.019531	2581.488281
3327.270508	2382.450439	3327.270508	2637.712891	3327.270508	2183.912842	3327.270508	2612.501953
3326.521484	2249.655762	3326.521484	2533.22583	3326.521484	2205.544922	3326.521484	2593.090576
3325.772461	2321.67334	3325.772461	2510.683594	3325.772461	2186.216309	3325.772461	2602.03833
3325.023438	2415.709961	3325.023438	2655.076172	3325.023438	2157.446289	3325.023438	2721.216797
3324.273438	2399.496582	3324.273438	2560.092773	3324.273438	2197.964111	3324.273438	2616.773682
3323.524414	2241.614258	3323.524414	2565.892822	3323.524414	2103.087646	3323.524414	2717.012939
3322.774414	2335.611084	3322.774414	2568.54248	3322.774414	2086.940918	3322.774414	2716.485596
3322.024414	2369.776123	3322.024414	2508.249023	3322.024414	2168.36084	3322.024414	2590.073975
3321.274414	2350.437012	3321.274414	2523.494629	3321.274414	2035.786865	3321.274414	2658.794189
3320.524414	2302.792236	3320.524414	2513.567139	3320.524414	2088.871826	3320.524414	2730.633545
3319.773438	2330.652832	3319.773438	2494.207275	3319.773438	2135.645264	3319.773438	2563.403564
3319.023438	2330.200195	3319.023438	2540.893066	3319.023438	2116.362549	3319.023438	2704.415771
3318.272461	2260.578125	3318.272461	2405.204834	3318.272461	2169.400391	3318.272461	2738.475098
3317.521484	2282.143311	3317.521484	2539.906006	3317.521484	2128.114258	3317.521484	2656.213623
3316.771484	2401.127686	3316.771484	2426.270264	3316.771484	2064.843994	3316.771484	2658.840332
3316.019531	2340.95874	3316.019531	2457.220947	3316.019531	2036.16272	3316.019531	2736.87915
3315.268555	2507.009277	3315.268555	2557.275146	3315.268555	2158.290039	3315.268555	2736.347168
3314.517578	2274.087646	3314.517578	2537.932129	3314.517578	2120.178467	3314.517578	2635.303223
3313.765625	2276.785889	3313.765625	2477.770996	3313.765625	2201.416504	3313.765625	2619.088867
3313.014648	2348.558105	3313.014648	2596.601074	3313.014648	2191.568848	3313.014648	2668.816162
3312.262695	2253.92627	3312.262695	2429.719971	3312.262695	2128.359375	3312.262695	2627.487793
3311.510742	2407.277344	3311.510742	2589.313965	3311.510742	2253.487793	3311.510742	2727.410645
3310.758789	2428.774658	3310.758789	2566.844482	3310.758789	2253.049316	3310.758789	2629.603516
3310.005859	2487.911621	3310.005859	2566.344971	3310.005859	2161.62793	3310.005859	2600.855713
3309.253906	2396.462158	3309.253906	2487.427246	3309.253906	2214.531738	3309.253906	2653.674072
3308.500977	2301.912109	3308.500977	2505.759766	3308.500977	2141.969971	3308.500977	2602.979492
3307.749023	2342.225586	3307.749023	2577.388672	3307.749023	2113.333252	3307.749023	2621.285889
3306.996094	2417.00708	3306.996094	2589.426514	3306.996094	2244.587646	3306.996094	2542.403076
3306.243164	2416.536377	3306.243164	2494.893555	3306.243164	2084.301758	3306.243164	2711.159424
3305.490234	2450.536133	3305.490234	2459.937256	3305.490234	2146.569336	3305.490234	2547.680176
3304.736328	2446.925781	3304.736328	2487.655518	3304.736328	2149.28418	3304.736328	2591.046875
3303.983398	2433.919189	3303.983398	2446.448975	3303.983398	2208.382324	3303.983398	2740.899902
3303.229492	2442.840332	3303.229492	2533.663818	3303.229492	2207.951904	3303.229492	2596.300781
3302.475586	2395.395752	3302.475586	2551.95752	3302.475586	2160.552979	3302.475586	2555.088867
3301.72168	2491.978271	3301.72168	2510.761963	3301.72168	2047.429321	3301.72168	2654.770752
3300.967773	2457.062256	3300.967773	2535.3125	3300.967773	2015.72998	3300.967773	2629.213135
3300.213867	2312.630371	3300.213867	2562.98291	3300.213867	2165.54834	3300.213867	2647.476807
3299.459961	2412.300781	3299.459961	2484.263184	3299.459961	2121.322998	3299.459961	2718.922607
3298.705078	2308.600098	3298.705078	2386.804932	3298.705078	2080.242676	3298.705078	2740.289795
3297.950195	2333.17041	3297.950195	2545.845459	3297.950195	2048.561279	3297.950195	2714.734375
3297.196289	2367.111816	3297.196289	2567.237549	3297.196289	2101.319824	3297.196289	2604.760986
3296.441406	2438.555908	3296.441406	2447.935059	3296.441406	2166.563232	3296.441406	2744.938721
3295.685547	2331.804688	3295.685547	2528.726562	3295.685547	2141.134277	3295.685547	2660.007812
3294.930664	2387.602051	3294.930664	2468.855469	3294.930664	2143.841553	3294.930664	2678.239258
3294.175781	2527.739258	3294.175781	2565.233643	3294.175781	2159.045654	3294.175781	2630.848633
3293.419922	2386.669678	3293.419922	2624.087158	3293.419922	2205.482666	3293.419922	2542.865234
3292.664062	2248.778076	3292.664062	2383.080322	3292.664062	2195.682129	3292.664062	2620.451172
3291.908203	2348.265137	3291.908203	2507.522461	3291.908203	2057.854736	3291.908203	2616.81665
3291.152344	2304.097168	3291.152344	2450.834961	3291.152344	2135.504639	3291.152344	2566.352051
3290.396484	2334.861816	3290.396484	2459.720703	3290.396484	2082.022461	3290.396484	2684.466553
3289.640625	2412.427002	3289.640625	2459.23999	3289.640625	2231.416992	3289.640625	2487.327637
3288.883789	2480.601074	3288.883789	2518.043945	3288.883789	2131.132812	3288.883789	2592.930176
3288.12793	2214.946533	3288.12793	2448.919678	3288.12793	2227.425049	3288.12793	2686.012451
3287.371094	2351.750732	3287.371094	2488.988281	3287.371094	2058.561768	3287.371094	2669.89209
3286.614258	2401.185791	3286.614258	2463.554199	3286.614258	2020.738159	3286.614258	2616.356934
3285.857422	2329.006348	3285.857422	2419.423096	3285.857422	2235.471924	3285.857422	2703.144043
3285.100586	2362.840088	3285.100586	2484.410889	3285.100586	2185.159424	3285.100586	2727.552979
3284.342773	2318.745605	3284.342773	2471.458496	3284.342773	2231.480957	3284.342773	2642.871338
3283.585938	2349.45166	3283.585938	2601.846191	3283.585938	2109.520996	3283.585938	2639.238037
3282.828125	2302.26123	3282.828125	2545.260498	3282.828125	2168.300293	3282.828125	2713.490479
3282.070312	2466.893066	3282.070312	2451.319336	3282.070312	2083.7771	3282.070312	2607.057617
3281.3125	2332.501465	3281.3125	2488.209229	3281.3125	2198.593018	3281.3125	2634.574463
3280.554688	2313.363525	3280.554688	2481.495117	3280.554688	2185.708252	3280.554688	2637.172363
3279.796875	2303.571777	3279.796875	2403.185791	3279.796875	2247.539062	3279.796875	2661.559326
3279.038086	2368.479492	3279.038086	2452.512207	3279.038086	2156.841309	3279.038086	2707.7229
3278.279297	2321.339844	3278.279297	2554.718506	3278.279297	2038.173706	3278.279297	2741.421387
3277.521484	2336.440674	3277.521484	2523.106934	3277.521484	2093.774414	3277.521484	2753.328857
3276.762695	2419.966309	3276.762695	2612.816895	3276.762695	2130.689941	3276.762695	2709.242432
3276.003906	2438.151367	3276.003906	2556.326904	3276.003906	1996.547363	3276.003906	2515.898438
3275.244141	2369.269287	3275.244141	2552.716797	3275.244141	2136.073486	3275.244141	2515.405273
3274.485352	2347.044189	3274.485352	2536.673096	3274.485352	2113.894043	3274.485352	2633.041748
3273.725586	2262.666504	3273.725586	2508.203125	3273.725586	2051.318604	3273.725586	2564.148193
3272.966797	2364.768555	3272.966797	2501.496338	3272.966797	2088.205811	3272.966797	2691.050781
3272.207031	2311.488525	3272.207031	2541.394775	3272.207031	2081.58252	3272.207031	2702.950439
3271.447266	2370.053711	3271.447266	2540.89624	3271.447266	2133.980225	3271.447266	2578.171143
3270.6875	2323.004395	3270.6875	2512.447266	3270.6875	2090.082764	3270.6875	2695.678955
3269.926758	2338.07373	3269.926758	2406.384033	3269.926758	2201.453125	3269.926758	2580.264648
3269.166992	2449.373291	3269.166992	2539.401123	3269.166992	2129.619873	3269.166992	2688.412354
3268.40625	2371.297852	3268.40625	2451.996338	3268.40625	2119.890625	3268.40625	2650.63916
3267.646484	2355.316406	3267.646484	2293.252686	3267.646484	2063.617188	3267.646484	2628.396729
3266.885742	2323.828369	3266.885742	2565.829102	3266.885742	1976.339966	3266.885742	2568.931641
3266.125	2425.736816	3266.125	2540.509521	3266.125	2053.500977	3266.125	2652.18042
3265.363281	2412.855225	3265.363281	2440.767334	3265.363281	2099.618164	3265.363281	2657.862305
3264.602539	2412.381348	3264.602539	2524.008057	3264.602539	2130.213379	3264.602539	2691.448486
3263.841797	2359.205078	3263.841797	2480.110352	3263.841797	1968.587646	3263.841797	2718.821045
3263.080078	2411.433594	3263.080078	2445.52832	3263.080078	2045.689087	3263.080078	2699.689697
3262.318359	2252.914795	3262.318359	2392.366211	3262.318359	2175.441895	3262.318359	2587.598145
3261.556641	2351.618164	3261.556641	2531.320068	3261.556641	2041.786987	3261.556641	2602.581299
3260.794922	2388.328369	3260.794922	2558.701904	3260.794922	2131.218994	3260.794922	2580.385742
3260.033203	2353.790771	3260.033203	2576.781494	3260.033203	2133.897217	3260.033203	2576.781494
3259.270508	2285.205322	3259.270508	2511.248779	3259.270508	2229.46875	3259.270508	2678.458984
3258.508789	2408.591064	3258.508789	2482.89209	3258.508789	2083.52417	3258.508789	2588.151855
3257.746094	2451.451172	3257.746094	2488.594238	3257.746094	2169.781982	3257.746094	2748.59668
3256.983398	2395.265137	3256.983398	2441.685059	3256.983398	2054.852783	3256.983398	2611.891113
3256.220703	2320.536865	3256.220703	2456.675049	3256.220703	2026.602173	3256.220703	2623.753662
3255.458008	2344.827881	3255.458008	2496.40625	3255.458008	2103.539307	3255.458008	2511.873535
3254.694336	2335.087891	3254.694336	2557.771729	3254.694336	2078.382812	3254.694336	2650.556641
3253.931641	2523.253906	3253.931641	2532.530762	3253.931641	2065.60498	3253.931641	2396.4729
3253.167969	2377.451416	3253.167969	2674.246338	3253.167969	2123.939209	3253.167969	2562.948242
3252.404297	2321.345459	3252.404297	2630.446045	3252.404297	2101.884033	3252.404297	2599.535889
3251.640625	2317.797852	3251.640625	2540.306641	3251.640625	2163.278076	3251.640625	2633.018555
3250.876953	2419.304688	3250.876953	2536.716553	3250.876953	2085.607422	3250.876953	2753.001709
3250.113281	2276.72583	3250.113281	2437.363281	3250.113281	2140.802002	3250.113281	2746.28125
3249.348633	2405.997559	3249.348633	2439.97168	3249.348633	2060.077393	3249.348633	2600.577393
3248.584961	2399.347656	3248.584961	2488.898438	3248.584961	2155.398438	3248.584961	2640.20874
3247.820312	2324.77832	3247.820312	2547.067871	3247.820312	2056.178467	3247.820312	2596.465576
3247.055664	2315.060059	3247.055664	2497.178223	3247.055664	2111.334717	3247.055664	2552.739502
3246.291016	2431.877197	3246.291016	2493.599854	3246.291016	2274.484131	3246.291016	2694.198975
3245.526367	2400.54248	3245.526367	2422.141357	3245.526367	2190.726562	3245.526367	2573.332275
3244.760742	2406.239258	3244.760742	2452.512939	3244.760742	2144.020752	3244.760742	2467.937744
3243.996094	2205.284424	3243.996094	2504.462891	3243.996094	2109.670654	3243.996094	2612.413818
3243.230469	2537.889893	3243.230469	2537.889893	3243.230469	2140.091797	3243.230469	2596.480225
3242.464844	2392.483887	3242.464844	2528.140137	3242.464844	2195.165527	3242.464844	2614.466797
3241.699219	2379.681885	3241.699219	2592.373779	3241.699219	2049.855469	3241.699219	2641.693604
3240.933594	2403.867676	3240.933594	2477.832764	3240.933594	2095.679443	3240.933594	2554.879883
3240.167969	2498.912842	3240.167969	2452.693848	3240.167969	2163.053955	3240.167969	2649.895264
3239.402344	2421.40332	3239.402344	2544.629883	3239.402344	2141.062744	3239.402344	2587.759033
3238.635742	2365.484375	3238.635742	2525.647461	3238.635742	2128.319824	3238.635742	2621.12915
3237.869141	2405.050293	3237.869141	2528.228271	3237.869141	1998.562988	3237.869141	2639.088623
3237.102539	2339.919922	3237.102539	2450.758301	3237.102539	2149.031738	3237.102539	2536.96582
3236.335938	2324.066895	3236.335938	2391.788086	3236.335938	2056.260498	3236.335938	2576.482178
3235.569336	2366.694824	3235.569336	2394.393555	3235.569336	2102.019043	3235.569336	2649.836426
3234.802734	2378.535645	3234.802734	2486.231201	3234.802734	2172.375244	3234.802734	2578.541748
3234.035156	2381.142334	3234.035156	2454.976074	3234.035156	2116.570801	3234.035156	2584.185547
3233.267578	2426.809082	3233.267578	2442.187988	3233.267578	2097.697998	3233.267578	2611.357178
3232.500977	2423.254395	3232.500977	2481.683105	3232.500977	2146.486816	3232.500977	2684.64624
3231.732422	2339.761963	3231.732422	2579.579834	3231.732422	2109.167725	3231.732422	2536.535645
3230.964844	2468.406738	3230.964844	2542.182373	3230.964844	2056.493408	3230.964844	2539.108398
3230.197266	2280.443115	3230.197266	2452.552246	3230.197266	2132.921387	3230.197266	2474.065674
3229.429688	2396.757568	3229.429688	2642.578857	3229.429688	2077.189941	3229.429688	2516.595459
3228.661133	2328.696533	3228.661133	2460.799316	3228.661133	2261.108887	3228.661133	2574.469238
3227.892578	2417.311035	3227.892578	2469.527344	3227.892578	2199.230957	3227.892578	2629.248047
3227.124023	2343.130371	3227.124023	2512.032471	3227.124023	2143.519043	3227.124023	2702.430908
3226.355469	2480.832275	3226.355469	2486.973145	3226.355469	2143.095215	3226.355469	2612.856934
3225.586914	2305.367188	3225.586914	2431.226074	3225.586914	2056.718994	3225.586914	2673.734863
3224.817383	2295.703857	3224.817383	2544.302734	3224.817383	2126.9021	3224.817383	2660.929443
3224.048828	2393.442139	3224.048828	2537.662598	3224.048828	2101.93335	3224.048828	2540.730957
3223.279297	2353.085938	3223.279297	2481.937988	3223.279297	2132.196533	3223.279297	2589.314941
3222.509766	2386.360596	3222.509766	2447.706787	3222.509766	2085.765137	3222.509766	2607.206299
3221.740234	2287.75415	3221.740234	2554.556641	3221.740234	2088.419189	3221.740234	2594.423828
3220.970703	2296.499756	3220.970703	2606.174561	3220.970703	2140.129395	3220.970703	2569.381592
3220.201172	2394.140625	3220.201172	2538.218262	3220.201172	2041.610352	3220.201172	2627.117188
3219.430664	2326.239502	3219.430664	2531.586182	3219.430664	2053.46582	3219.430664	2568.364502
3218.661133	2341.100342	3218.661133	2426.899902	3218.661133	2157.244385	3218.661133	2626.077148
3217.890625	2383.528076	3217.890625	2481.565186	3217.890625	2120.053223	3217.890625	2692.957764
3217.120117	2343.236328	3217.120117	2370.803955	3217.120117	2131.885742	3217.120117	2640.352539
3216.349609	2373.396729	3216.349609	2391.771484	3216.349609	1972.216187	3216.349609	2649.01709
3215.578125	2366.802979	3215.578125	2437.225342	3215.578125	2121.855713	3215.578125	2596.441162
3214.807617	2344.905518	3214.807617	2427.558838	3214.807617	2130.619141	3214.807617	2602.049316
3214.036133	2356.683594	3214.036133	2408.714111	3214.036133	2096.530029	3214.036133	2739.261963
3213.265625	2368.456543	3213.265625	2426.597168	3213.265625	2132.834961	3213.265625	2646.918701
3212.494141	2325.155518	3212.494141	2404.700439	3212.494141	2062.045898	3212.494141	2646.394043
3211.722656	2355.282715	3211.722656	2422.57666	3211.722656	2101.401611	3211.722656	2557.164307
3210.951172	2287.535645	3210.951172	2495.493408	3210.951172	2201.905762	3210.951172	2630.054199
3210.178711	2360.464355	3210.178711	2513.344238	3210.178711	2140.317383	3210.178711	2583.668945
3209.407227	2418.079346	3209.407227	2506.731934	3209.407227	2139.893066	3209.407227	2613.726562
3208.634766	2359.528564	3208.634766	2585.700928	3208.634766	2124.187012	3208.634766	2490.953125
3207.862305	2343.781738	3207.862305	2325.447021	3207.862305	2047.371338	3207.862305	2508.793945
3207.089844	2355.537598	3207.089844	2438.027344	3207.089844	2046.965332	3207.089844	2682.441162
3206.317383	2339.797607	3206.317383	2455.871094	3206.317383	2040.450195	3206.317383	2611.654053
3205.544922	2427.898438	3205.544922	2543.948975	3205.544922	2052.26123	3205.544922	2501.193359
3204.771484	2244.215576	3204.771484	2451.843506	3204.771484	2167.881592	3204.771484	2613.671387
3203.999023	2436.093506	3203.999023	2439.14624	3203.999023	2158.293213	3203.999023	2637.574951
3203.225586	2344.045898	3203.225586	2435.610107	3203.225586	2121.239258	3203.225586	2542.435059
3202.452148	2300.859131	3202.452148	2477.848145	3202.452148	2023.169189	3202.452148	2593.806641
3201.678711	2376.675781	3201.678711	2468.203613	3201.678711	2074.633545	3201.678711	2623.80127
3200.904297	2336.549805	3200.904297	2489.066162	3200.904297	2168.781738	3200.904297	2614.129395
3200.130859	2323.887207	3200.130859	2464.174316	3200.130859	2021.964722	3200.130859	2546.516602
3199.356445	2250.24707	3199.356445	2485.028809	3199.356445	2067.300049	3199.356445	2567.35498
3198.583008	2271.139648	3198.583008	2353.449463	3198.583008	2042.501587	3198.583008	2563.796631
3197.808594	2349.934326	3197.808594	2386.509277	3197.808594	2063.431396	3197.808594	2514.52124
3197.03418	2361.656738	3197.03418	2379.940674	3197.03418	2111.77832	3197.03418	2581.062256
3196.259766	2364.234375	3196.259766	2437.355225	3196.259766	2029.098145	3196.259766	2559.2229
3195.484375	2278.474365	3195.484375	2461.239746	3195.484375	2028.695068	3195.484375	2497.792725
3194.709961	2278.021729	3194.709961	2430.295898	3194.709961	2061.79248	3194.709961	2579.524658
3193.93457	2210.581787	3193.93457	2548.563477	3193.93457	2037.023804	3193.93457	2524.204346
3193.15918	2258.851074	3193.15918	2356.267822	3193.15918	2124.903076	3193.15918	2511.525635
3192.383789	2334.493896	3192.383789	2459.284424	3192.383789	2121.437012	3192.383789	2495.80835
3191.608398	2270.125732	3191.608398	2486.183105	3191.608398	2130.144775	3191.608398	2595.733398
3190.833008	2306.183838	3190.833008	2531.325928	3190.833008	2093.211914	3190.833008	2522.198486
3190.056641	2424.35791	3190.056641	2345.269775	3190.056641	2065.418945	3190.056641	2664.664307
3189.28125	2268.772217	3189.28125	2539.443359	3189.28125	2083.256104	3189.28125	2557.690918
3188.504883	2338.256104	3188.504883	2441.637939	3188.504883	2015.947632	3188.504883	2545.019775
3187.728516	2194.90918	3187.728516	2386.431641	3187.728516	2061.147461	3187.728516	2556.674072
3186.952148	2285.655762	3186.952148	2361.641602	3186.952148	2075.934814	3186.952148	2522.731934
3186.175781	2282.162354	3186.175781	2418.909912	3186.175781	2118.06543	3186.175781	2589.084473
3185.398438	2217.905762	3185.398438	2485.269775	3185.398438	2093.338379	3185.398438	2470.078613
3184.62207	2384.533936	3184.62207	2408.834961	3184.62207	2089.884521	3184.62207	2475.662598
3183.844727	2338.504395	3183.844727	2450.874023	3183.844727	2010.506348	3183.844727	2526.799561
3183.067383	2271.238037	3183.067383	2438.240723	3183.067383	2079.943848	3183.067383	2468.60498
3182.290039	2279.893555	3182.290039	2468.11377	3182.290039	2179.71167	3182.290039	2495.436035
3181.512695	2373.53125	3181.512695	2416.02417	3181.512695	2060.905029	3181.512695	2406.918457
3180.734375	2342.712891	3180.734375	2330.574463	3180.734375	2078.702637	3180.734375	2458.027832
3179.957031	2305.838623	3179.957031	2448.436523	3179.957031	2075.254883	3179.957031	2302.804688
3179.178711	2223.478027	3179.178711	2284.145996	3179.178711	2093.042236	3179.178711	2514.684082
3178.400391	2277.625732	3178.400391	2389.839111	3178.400391	2086.560059	3178.400391	2599.101562
3177.62207	2437.878174	3177.62207	2425.749512	3177.62207	2171.045898	3177.62207	2583.42334
3176.84375	2255.498047	3176.84375	2410.108643	3176.84375	2067.539795	3176.84375	2549.561523
3176.06543	2242.925049	3176.06543	2388.411865	3176.06543	2091.375977	3176.06543	2485.40332
3175.286133	2215.205078	3175.286133	2375.814941	3175.286133	2130.354492	3175.286133	2566.728516
3174.507812	2272.32959	3174.507812	2435.937256	3174.507812	2105.692139	3174.507812	2535.919678
3173.728516	2290.052002	3173.728516	2374.868652	3173.728516	2138.593506	3173.728516	2471.802246
3172.949219	2168.453369	3172.949219	2319.881592	3172.949219	2062.453369	3172.949219	2477.366943
3172.169922	2195.272949	3172.169922	2301.251709	3172.169922	2083.238281	3172.169922	2482.929443
3171.390625	2288.683838	3171.390625	2437.024414	3171.390625	2079.796143	3171.390625	2527.845215
3170.610352	2297.308105	3170.610352	2475.886719	3170.610352	2006.739502	3170.610352	2475.886719
3169.831055	2351.321289	3169.831055	2405.791992	3169.831055	2103.176514	3169.831055	2423.948975
3169.050781	2290.341797	3169.050781	2399.261475	3169.050781	2051.323242	3169.050781	2511.206787
3168.270508	2301.985107	3168.270508	2401.80835	3168.270508	1975.290771	3168.270508	2404.833252
3167.490234	2277.331543	3167.490234	2416.451416	3167.490234	2062.603027	3167.490234	2334.794189
3166.709961	2304.091309	3166.709961	2388.756104	3166.709961	2053.12085	3166.709961	2515.753418
3165.928711	2218.984131	3165.928711	2288.516357	3165.928711	2085.966064	3165.928711	2442.696533
3165.148438	2272.94751	3165.148438	2351.533447	3165.148438	1940.468506	3165.148438	2484.525146
3164.367188	2218.099609	3164.367188	2357.108643	3164.367188	2070.024902	3164.367188	2535.402832
3163.585938	2323.404053	3163.585938	2329.446777	3163.585938	2006.164307	3163.585938	2604.387939
3162.804688	2313.878662	3162.804688	2277.629883	3162.804688	1951.391113	3162.804688	2473.977295
3162.023438	2298.31665	3162.023438	2313.417236	3162.023438	2117.109131	3162.023438	2449.322998
3161.242188	2228.40918	3161.242188	2418.639404	3161.242188	1959.671631	3161.242188	2457.893066
3160.459961	2415.138184	3160.459961	2421.176025	3160.459961	2010.602417	3160.459961	2469.47876
3159.678711	2158.099121	3159.678711	2296.941895	3159.678711	2007.183105	3159.678711	2532.37085
3158.896484	2145.5979	3158.896484	2272.342041	3158.896484	2012.818237	3158.896484	2447.369629
3158.114258	2235.68335	3158.114258	2392.573486	3158.114258	2033.536621	3158.114258	2401.624756
3157.332031	2199.039307	3157.332031	2395.112793	3157.332031	1987.883179	3157.332031	2558.004395
3156.548828	2283.046143	3156.548828	2454.953125	3156.548828	2090.027588	3156.548828	2473.048584
3155.766602	2276.560059	3155.766602	2469.539795	3155.766602	2032.319824	3155.766602	2424.310303
3154.983398	2276.105713	3154.983398	2318.311768	3154.983398	2016.840698	3154.983398	2423.826416
3154.201172	2269.623291	3154.201172	2357.032471	3154.201172	1995.3396	3154.201172	2426.356934
3153.417969	2293.278564	3153.417969	2278.210938	3153.417969	2022.062988	3153.417969	2537.372559
3152.633789	2184.356201	3152.633789	2286.795166	3152.633789	2066.853027	3152.633789	2389.233887
3151.850586	2313.449463	3151.850586	2364.658691	3151.850586	2093.55127	3151.850586	2473.101562
3151.067383	2285.882324	3151.067383	2319.010986	3151.067383	2041.934448	3151.067383	2421.408936
3150.283203	2276.392822	3150.283203	2384.79248	3150.283203	2002.382568	3150.283203	2448.025635
3149.499023	2194.654785	3149.499023	2381.305908	3149.499023	2110.36084	3149.499023	2480.652344
3148.71582	2173.147461	3148.71582	2362.770996	3148.71582	1962.454468	3148.71582	2441.028564
3147.931641	2175.7229	3147.931641	2326.187744	3147.931641	1986.137085	3147.931641	2482.671387
3147.146484	2304.662598	3147.146484	2238.471191	3147.146484	1907.514404	3147.146484	2406.958252
3146.362305	2159.813721	3146.362305	2313.226562	3146.362305	2030.465454	3146.362305	2349.32373
3145.577148	2201.487305	3145.577148	2297.727295	3145.577148	2129.307373	3145.577148	2463.139648
3144.792969	2219.089111	3144.792969	2231.116699	3144.792969	2074.758057	3144.792969	2414.537354
3144.007812	2161.526367	3144.007812	2269.75293	3144.007812	1951.085693	3144.007812	2462.156006
3143.222656	2176.123047	3143.222656	2407.561768	3143.222656	2103.986572	3143.222656	2458.658447
3142.4375	2178.693604	3142.4375	2286.876953	3142.4375	2085.535645	3142.4375	2431.121582
3141.651367	2166.240479	3141.651367	2259.379883	3141.651367	2028.033691	3141.651367	2445.658447
3140.866211	2189.838867	3140.866211	2291.971436	3140.866211	2060.671387	3140.866211	2373.076416
3140.080078	2189.401367	3140.080078	2291.513428	3140.080078	2030.226929	3140.080078	2396.628662
3139.293945	2200.974854	3139.293945	2312.074463	3139.293945	2026.818604	3139.293945	2282.047607
3138.507812	2290.5979	3138.507812	2293.600098	3138.507812	2104.468262	3138.507812	2353.64209
3137.72168	2275.132812	3137.72168	2320.155273	3137.72168	2104.047607	3137.72168	2380.185303
3136.935547	2175.648682	3136.935547	2265.675537	3136.935547	2004.597778	3136.935547	2496.744629
3136.148438	2100.206787	3136.148438	2292.225586	3136.148438	2064.203125	3136.148438	2475.243652
3135.362305	2126.78418	3135.362305	2240.772705	3135.362305	2054.791504	3135.362305	2384.758057
3134.575195	2330.297852	3134.575195	2174.344727	3134.575195	2036.386353	3134.575195	2444.263428
3133.788086	2218.887695	3133.788086	2275.859131	3133.788086	1943.026001	3133.788086	2407.792969
3133.000977	2221.442139	3133.000977	2383.328613	3133.000977	2053.559814	3133.000977	2431.294922
3132.213867	2253.968506	3132.213867	2268.955078	3132.213867	1936.254883	3132.213867	2409.827881
3131.425781	2235.537842	3131.425781	2352.408936	3131.425781	1908.897583	3131.425781	2307.458496
3130.638672	2274.040283	3130.638672	2262.055908	3130.638672	1980.422363	3130.638672	2345.946533
3129.850586	2324.509277	3129.850586	2300.545166	3129.850586	2018.968018	3129.850586	2399.396729
3129.0625	2222.217773	3129.0625	2294.095459	3129.0625	2027.549194	3129.0625	2392.927246
3128.274414	2164.881836	3128.274414	2329.568604	3128.274414	2036.126709	3128.274414	2380.47168
3127.486328	2161.455322	3127.486328	2317.12793	3127.486328	2044.700806	3127.486328	2397.958008
3126.697266	2268.775146	3126.697266	2199.933594	3126.697266	1870.691772	3126.697266	2364.554443
3125.90918	2223.433838	3125.90918	2322.186523	3125.90918	2082.785889	3125.90918	2462.834473
3125.120117	2196.062012	3125.120117	2285.819336	3125.120117	1914.82251	3125.120117	2372.584717
3124.331055	2198.614258	3124.331055	2201.605469	3124.331055	1911.448364	3124.331055	2252.457764
3123.541992	2284.905273	3123.541992	2183.220947	3123.541992	2024.713257	3123.541992	2377.617432
3122.75293	2188.764648	3122.75293	2209.695557	3122.75293	1931.614746	3122.75293	2386.112305
3121.962891	2239.148926	3121.962891	2313.886719	3121.962891	2032.87207	3121.962891	2325.844727
3121.173828	2283.534912	3121.173828	2283.534912	3121.173828	1891.986328	3121.173828	2444.936523
3120.383789	2232.276611	3120.383789	2262.159912	3120.383789	2005.164185	3120.383789	2438.470947
3119.59375	2100.370361	3119.59375	2384.204102	3119.59375	1924.094604	3119.59375	2273.658447
3118.803711	2315.023438	3118.803711	2210.473877	3118.803711	2046.182007	3118.803711	2506.199463
3118.013672	2227.950928	3118.013672	2123.422607	3118.013672	1983.055542	3118.013672	2347.412109
3117.223633	2233.477295	3117.223633	2209.589844	3117.223633	2039.391724	3117.223633	2397.703613
3116.432617	2128.543701	3116.432617	2224.074463	3116.432617	1835.980957	3116.432617	2361.399902
3115.642578	2190.797607	3115.642578	2235.568604	3115.642578	1996.789551	3115.642578	2399.729248
3114.851562	2196.327637	3114.851562	2247.057861	3114.851562	2035.18396	3114.851562	2351.50293
3114.060547	2234.674316	3114.060547	2258.542725	3114.060547	2067.595703	3114.060547	2333.131104
3113.269531	2219.3125	3113.269531	2311.783936	3113.269531	2007.523315	3113.269531	2374.425781
3112.477539	2233.780273	3112.477539	2281.497803	3112.477539	2042.90979	3112.477539	2332.197754
3111.686523	2188.607178	3111.686523	2331.731201	3111.686523	1985.847778	3111.686523	2346.639893
3110.894531	2119.602539	3110.894531	2128.546143	3110.894531	1961.601318	3110.894531	2381.944336
3110.102539	2140.04248	3110.102539	2220.517578	3110.102539	2005.917236	3110.102539	2262.245361
3109.310547	2217.093262	3109.310547	2324.37207	3109.310547	1945.916626	3109.310547	2312.452148
3108.518555	2225.587891	3108.518555	2219.62915	3108.518555	1996.176514	3108.518555	2317.948242
3107.726562	2132.800537	3107.726562	2278.760498	3107.726562	2004.713501	3107.726562	2332.378418
3106.93457	2227.675537	3106.93457	2346.80249	3106.93457	2063.875732	3106.93457	2311.064453
3106.141602	2170.655762	3106.141602	2301.669189	3106.141602	2006.888794	3106.141602	2411.8396
3105.348633	2238.692139	3105.348633	2304.185791	3105.348633	2033.280151	3105.348633	2304.185791
3104.555664	2238.244141	3104.555664	2363.252441	3104.555664	2006.085815	3104.555664	2372.181641
3103.762695	2118.764404	3103.762695	2228.868896	3103.762695	1978.902222	3103.762695	2404.440674
3102.969727	2204.621338	3102.969727	2237.348389	3102.969727	1996.357422	3102.969727	2329.57959
3102.175781	2236.900635	3102.175781	2245.824463	3102.175781	2067.348389	3102.175781	2287.468994
3101.382812	2150.206787	3101.382812	2239.427002	3101.382812	1971.766479	3101.382812	2325.67334
3100.588867	2090.30835	3100.588867	2182.484131	3100.588867	1956.504761	3100.588867	2340.074951
3099.794922	2220.693848	3099.794922	2140.427979	3099.794922	1947.194824	3099.794922	2369.334717
3099.000977	2181.610596	3099.000977	2348.054932	3099.000977	2032.999512	3099.000977	2374.804932
3098.207031	2151.457764	3098.207031	2392.159424	3098.207031	2029.621094	3098.207031	2249.521484
3097.413086	2151.0271	3097.413086	2219.36084	3097.413086	1987.620361	3097.413086	2326.318115
3096.618164	2189.212402	3096.618164	2236.739258	3096.618164	2002.074829	3096.618164	2388.231689
3095.823242	2197.683838	3095.823242	2245.201172	3095.823242	2102.648682	3095.823242	2251.140869
3095.02832	2182.397705	3095.02832	2161.613037	3095.02832	1980.48877	3095.02832	2384.306641
3094.233398	2184.929688	3094.233398	2232.427979	3094.233398	1953.374512	3094.233398	2357.111572
3093.438477	2229.013184	3093.438477	2356.639648	3093.438477	2104.354736	3093.438477	2344.767578
3092.643555	2092.063721	3092.643555	2317.591064	3092.643555	2083.161133	3092.643555	2302.753662
3091.847656	2242.955322	3091.847656	2263.723389	3091.847656	1990.77124	3091.847656	2495.139648
3091.051758	2174.281982	3091.051758	2298.865723	3091.051758	1960.710083	3091.051758	2417.516846
3090.256836	2185.709717	3090.256836	2283.577148	3090.256836	1918.797974	3090.256836	2431.861572
3089.460938	2176.376953	3089.460938	2277.189941	3089.460938	2054.808105	3089.460938	2389.863525
3088.664062	2217.444336	3088.664062	2223.373291	3088.664062	1956.568481	3088.664062	2413.101074
3087.868164	2249.603516	3087.868164	2252.567383	3087.868164	1926.537842	3087.868164	2397.798584
3087.071289	2092.097656	3087.071289	2355.832275	3087.071289	1946.895386	3087.071289	2361.759033
3086.275391	2222.038574	3086.275391	2245.740234	3086.275391	1907.990479	3086.275391	2384.988037
3085.478516	2091.260254	3085.478516	2227.518066	3085.478516	1990.548096	3085.478516	2328.230225
3084.681641	2307.033691	3084.681641	2247.802979	3084.681641	2025.68811	3084.681641	2458.071777
3083.884766	2105.228027	3083.884766	2202.938965	3083.884766	2054.89209	3083.884766	2398.361084
3083.086914	2246.90332	3083.086914	2205.458496	3083.086914	2013.035889	3083.086914	2377.158447
3082.290039	2299.729248	3082.290039	2252.373047	3082.290039	2074.787842	3082.290039	2418.119385
3081.492188	2207.534912	3081.492188	2328.860596	3081.492188	2059.57666	3081.492188	2376.207031
3080.694336	2260.347412	3080.694336	2349.104492	3080.694336	2085.791748	3080.694336	2414.192871
3079.896484	2265.810791	3079.896484	2253.979004	3079.896484	2023.256714	3079.896484	2493.575195
3079.098633	2185.508057	3079.098633	2206.209717	3079.098633	2013.979614	3079.098633	2439.843262
3078.300781	2226.46582	3078.300781	2451.182129	3078.300781	2108.193848	3078.300781	2522.14502
3077.50293	2228.976318	3077.50293	2228.976318	3077.50293	1980.655396	3077.50293	2518.684082
3076.704102	2258.086426	3076.704102	2399.955566	3076.704102	2036.415527	3076.704102	2444.289795
3075.905273	2275.364502	3075.905273	2307.869629	3075.905273	2118.748535	3075.905273	2505.855957
3075.106445	2472.855713	3075.106445	2331.043213	3075.106445	2144.914307	3075.106445	2496.491211
3074.307617	2407.376465	3074.307617	2469.407227	3074.307617	2114.946777	3074.307617	2560.976074
3073.508789	2253.325928	3073.508789	2513.21167	3073.508789	2082.037842	3073.508789	2566.370117
3072.708984	2323.73877	3072.708984	2400.507812	3072.708984	2122.958252	3072.708984	2781.400146
3071.910156	2290.801025	3071.910156	2473.829102	3071.910156	2081.20459	3071.910156	2653.904785
3071.110352	2367.081055	3071.110352	2488.091309	3071.110352	2175.235352	3071.110352	2550.072266
3070.310547	2487.593506	3070.310547	2570.218262	3070.310547	2080.371826	3070.310547	2546.611084
3069.510742	2377.934814	3069.510742	2522.499268	3069.510742	2189.116211	3069.510742	2608.057617
3068.709961	2474.799316	3068.709961	2510.195557	3068.709961	2191.62793	3068.709961	2648.831543
3067.910156	2412.372803	3067.910156	2559.828125	3067.910156	2179.392822	3067.910156	2710.23291
3067.109375	2476.757568	3067.109375	2565.213135	3067.109375	2149.47168	3067.109375	2745.072754
3066.30957	2455.626465	3066.30957	2523.428711	3066.30957	2281.698486	3066.30957	2729.783936
3065.508789	2534.713379	3065.508789	2652.606934	3065.508789	2346.083496	3065.508789	2693.869629
3064.708008	2537.152832	3064.708008	2781.733154	3064.708008	2266.051758	3064.708008	2867.188965
3063.90625	2530.75293	3063.90625	2769.39209	3063.90625	2277.383057	3063.90625	2834.20752
3063.105469	2603.885986	3063.105469	2701.089844	3063.105469	2297.546387	3063.105469	2910.225342
3062.303711	2579.805176	3062.303711	2706.439453	3062.303711	2249.967041	3062.303711	2753.559082
3061.501953	2620.510498	3061.501953	2641.121338	3061.501953	2337.848633	3061.501953	2841.340088
3060.701172	2549.334961	3060.701172	2693.581543	3060.701172	2357.987793	3060.701172	2911.423096
3059.898438	2439.926025	3059.898438	2628.291992	3059.898438	2339.856689	3059.898438	2804.884766
3059.09668	2486.52002	3059.09668	2733.700684	3059.09668	2268.765625	3059.09668	2936.741943
3058.294922	2639.008545	3058.294922	2780.226562	3058.294922	2324.210449	3058.294922	2942.038574
3057.492188	2585.534668	3057.492188	2688.485352	3057.492188	2300.214111	3057.492188	2970.864746
3056.689453	2561.490723	3056.689453	2761.469238	3056.689453	2267.404541	3056.689453	2873.221924
3055.887695	2622.724121	3055.887695	2728.573975	3055.887695	2396.322998	3055.887695	2799.140625
3055.083984	2539.888428	3055.083984	2680.993164	3055.083984	2278.256348	3055.083984	2851.495117
3054.28125	2689.274414	3054.28125	2677.518066	3054.28125	2342.460938	3054.28125	2865.620117
3053.478516	2559.442139	3053.478516	2776.891846	3053.478516	2306.730225	3053.478516	2923.817383
3052.674805	2623.564697	3052.674805	2676.447266	3052.674805	2265.138184	3052.674805	2932.046387
3051.87207	2593.666504	3051.87207	2664.162598	3051.87207	2343.993164	3051.87207	2811.029297
3051.068359	2484.488281	3051.068359	2593.147949	3051.068359	2258.358887	3051.068359	2760.54248
3050.264648	2416.459961	3050.264648	2824.586182	3050.264648	2231.481689	3050.264648	2704.203613
3049.459961	2389.556641	3049.459961	2509.915039	3049.459961	2181.130859	3049.459961	2735.954102
3048.65625	2392.013916	3048.65625	2556.373047	3048.65625	2242.32959	3048.65625	2714.862305
3047.851562	2429.682861	3047.851562	2649.762695	3047.851562	2241.881104	3047.851562	2664.434814
3047.047852	2349.984131	3047.047852	2531.880371	3047.047852	2173.955322	3047.047852	2702.041748
3046.243164	2320.182129	3046.243164	2452.177246	3046.243164	2108.989746	3046.243164	2636.970459
3045.438477	2401.832275	3045.438477	2492.744141	3045.438477	2208.277832	3045.438477	2536.733643
3044.633789	2380.827637	3044.633789	2413.080322	3044.633789	2090.554443	3044.633789	2547.954834
3043.828125	2374.489014	3043.828125	2494.679199	3043.828125	2128.245605	3043.828125	2667.635742
3043.023438	2444.355469	3043.023438	2453.148193	3043.023438	2036.962891	3043.023438	2538.143799
3042.217773	2268.049316	3042.217773	2291.491699	3042.217773	2045.34668	3042.217773	2440.936768
3041.412109	2311.541748	3041.412109	2399.432861	3041.412109	2088.883545	3041.412109	2431.659668
3040.606445	2179.269043	3040.606445	2448.748535	3040.606445	2053.31665	3040.606445	2516.118408
3039.800781	2313.546387	3039.800781	2395.545654	3039.800781	2023.620972	3039.800781	2471.6875
3038.994141	2245.741211	3038.994141	2427.274414	3038.994141	2061.280029	3038.994141	2403.85083
3038.188477	2236.510498	3038.188477	2350.677979	3038.188477	2040.376709	3038.188477	2426.789551
3037.381836	2309.233154	3037.381836	2358.988525	3037.381836	2083.87085	3037.381836	2438.011719
3036.575195	2279.51001	3036.575195	2373.148438	3036.575195	2086.380615	3036.575195	2376.074463
3035.768555	2200.062988	3035.768555	2334.641357	3035.768555	2030.377197	3035.768555	2451.665771
3034.961914	2155.748047	3034.961914	2272.749268	3034.961914	2053.371826	3034.961914	2480.426514
3034.155273	2181.637451	3034.155273	2339.557617	3034.155273	1933.059448	3034.155273	2488.704346
3033.347656	2254.29834	3033.347656	2400.491455	3033.347656	1988.226807	3033.347656	2418.034668
3032.541016	2224.615234	3032.541016	2250.924805	3032.541016	1911.824463	3032.541016	2470.170654
3031.733398	2203.712158	3031.733398	2402.455566	3031.733398	1937.746948	3031.733398	2320.620117
3030.925781	2250.025879	3030.925781	2396.131592	3030.925781	1987.035889	3030.925781	2431.196777
3030.117188	2150.244873	3030.117188	2217.439941	3030.117188	2027.540527	3030.117188	2462.848389
3029.30957	2176.104004	3029.30957	2249.127686	3029.30957	2062.187012	3029.30957	2424.384277
3028.501953	2330.44873	3028.501953	2333.369141	3028.501953	1953.722046	3028.501953	2415.13916
3027.693359	2090.561523	3027.693359	2350.421875	3027.693359	1950.412231	3027.693359	2446.774658
3026.884766	2326.599121	3026.884766	2279.89209	3026.884766	1967.538086	3026.884766	2297.407227
3026.076172	2159.773926	3026.076172	2206.47168	3026.076172	1937.959229	3026.076172	2410.774658
3025.267578	2153.506836	3025.267578	2258.555908	3025.267578	1890.884033	3025.267578	2270.228027
3024.458984	2188.086426	3024.458984	2287.279541	3024.458984	2021.79187	3024.458984	2231.848145
3023.649414	2248.904053	3023.649414	2280.989502	3023.649414	2018.471558	3023.649414	2353.911133
3022.839844	2169.715576	3022.839844	2254.287842	3022.839844	1983.073364	3022.839844	2333.027344
3022.03125	2166.366943	3022.03125	2268.416504	3022.03125	1968.099121	3022.03125	2358.803223
3021.22168	2198.000977	3021.22168	2125.123047	3021.22168	2026.008911	3021.22168	2285.45459
3020.411133	2223.793457	3020.411133	2215.049805	3020.411133	1999.373901	3020.411133	2279.169678
3019.601562	2133.01709	3019.601562	2267.059326	3019.601562	1940.695923	3019.601562	2269.973145
3018.791992	2173.37915	3018.791992	2254.953613	3018.791992	1957.789185	3018.791992	2287.000732
3017.981445	2202.073486	3017.981445	2237.0271	3017.981445	2047.695435	3017.981445	2292.370117
3017.170898	2032.725952	3017.170898	2149.2146	3017.170898	1942.447266	3017.170898	2329.771973
3016.360352	2090.553223	3016.360352	2122.581299	3016.360352	2064.348633	3016.360352	2358.423584
3015.549805	2063.937012	3015.549805	2203.667725	3015.549805	1930.028564	3015.549805	2515.150391
3014.739258	2191.586426	3014.739258	2249.795898	3014.739258	1955.838013	3014.739258	2249.795898
3013.927734	2138.771484	3013.927734	2185.329834	3013.927734	1952.53833	3013.927734	2319.184814
3013.116211	2219.805908	3013.116211	2266.35498	3013.116211	1981.242188	3013.116211	2138.345215
3012.305664	2140.827637	3012.305664	2190.276123	3012.305664	1911.03772	3012.305664	2230.998291
3011.494141	2157.849854	3011.494141	2169.482666	3011.494141	2000.809692	3011.494141	2422.491943
3010.681641	2262.092529	3010.681641	2311.521484	3010.681641	2046.932129	3010.681641	2314.428955
3009.870117	2188.967041	3009.870117	2276.177002	3009.870117	1924.430542	3009.870117	2415.712646
3009.058594	2173.998779	3009.058594	2391.97998	3009.058594	1964.736938	3009.058594	2371.63501
3008.246094	2234.588379	3008.246094	2301.422607	3008.246094	1949.816406	3008.246094	2382.786133
3007.433594	2271.911621	3007.433594	2146.985596	3007.433594	2027.869995	3007.433594	2408.45874
3006.621094	2097.178467	3006.621094	2259.840332	3006.621094	1922.897583	3006.621094	2341.171387
3005.808594	2198.404297	3005.808594	2314.568359	3005.808594	1878.953125	3005.808594	2366.842041
3004.996094	2128.281982	3004.996094	2227.001709	3004.996094	2017.94812	3004.996094	2430.248291
3004.182617	2095.925781	3004.182617	2281.714111	3004.182617	2037.866943	3004.182617	2421.05542
3003.370117	2243.529297	3003.370117	2202.895996	3003.370117	2014.24231	3003.370117	2374.135742
3002.556641	2153.127197	3002.556641	2280.805908	3002.556641	1990.626953	3002.556641	2263.39502
3001.743164	2091.773193	3001.743164	2239.734863	3001.743164	1943.811401	3001.743164	2300.6604
